16124017
16124018
16124019
16124033
16124034
16125003
16125014
16125015
16125016
16125024
16125038
16125042
16125052
16125057
16125058
16125060
16125061
16125062
16125063
16126014
16126018
16126044
16127005
16127006
16127022
16127024
16127048
16127049
16127054
16128005
16128006
16128009
16128010
16128011
16128012
16128014
16128020
16128031
16128032
16128038
16128042
16128044
16128047
16128048
16128053
16128054
16128056
16128061
16128062
16129012
16129015
16129016
16129017
16129018
16129019
16129022
16129023
16129025
16130012
16130015
16130016
16130032
16130053
16131026
16131029
16131032
16131034
16131036
16131037
16131040
16131045
16131046
16131048
16132001
16132002
16132028
16132033
16132046
16132047
16132048
16132052
16133005
16133014
16133085
16133086
16133090
16134012
16134013
16134042
16134053
16135012
16135026
16135031
16135042
16135047
16135050
16135054
16135055
16135057
16136015
16136018
16136037
16136038
16136039
16136040
16136041
16136042
16137044
16138013
16138019
16138020
16138043
16138053
16138055
16138060
16139001
16139054
16140015
16140016
16141036
16142041
16142046
16142048
16142073
16142074
16142075
16142078
16143008
16144018
16144037
16144069
16145024
16146002
16146006
16146120
16147011
16148016
16149001
16149002
16149003
16149004
16149005
16149007
16149008
16149009
16149010
16149011
16149013
16149014
16149024
16149025
16149051
16150001
16150003
16150010
16150042
16150050
16151054
16152023
16153020
16153038
16153046
16154007
16154010
16154021
16155005
16155017
16155018
16155031
16155035
16155036
16155039
16155045
16156006
16156010
16156012
16156028
16156030
16156031
16156032
16156033
16156034
16156045
16156054
16156056
16156059
16157010
16157011
16157017
16157034
16157047
16157048
16157049
16157050
16157067
16157071
16158003
16158004
16158015
16158021
16158022
16158025
16158026
16158028
16158029
16158032
16158034
16158039
16158042
16158043
16158044
16159009
16159015
16159019
