 <comment> This file contains the bin numbers for all the 1D pt jet bins that have > 10 entries </comment>

<bins_T>  <bins_M>
    0 0 70 70
</bins_T> </bins_M>


<goodbins_pthat_0>
   73   74   75   76   77   78   79   80   81   82
   83   84  145  146  147  148  149  150  151  152
  153  154  155  217  218  219  220  221  222  223
  224  225  226  227  289  290  291  292  293  294
  295  296  297  298  299  361  362  363  364  365
  366  367  368  369  370  371  433  434  435  436
  437  438  439  440  441  442  443  444  505  506
  507  508  509  510  511  512  513  514  515  516
  577  578  579  580  581  582  583  584  585  586
  587  588  589  649  650  651  652  653  654  655
  656  657  658  659  660  661  725  726  727  728
  729  730  731  732  801  802  803  804
</goodbins_pthat_0>

<goodbins_pthat_1>
   73   74   75   76   77   78   79   80   81   82
   83   84  145  146  147  148  149  150  151  152
  153  154  155  156  217  218  219  220  221  222
  223  224  225  226  227  289  290  291  292  293
  294  295  296  297  298  299  361  362  363  364
  365  366  367  368  369  370  371  433  434  435
  436  437  438  439  440  441  442  443  444  505
  506  507  508  509  510  511  512  513  514  515
  516  517  577  578  579  580  581  582  583  584
  585  586  587  588  589  590  649  650  651  652
  653  654  655  656  657  658  659  660  661  662
  721  722  723  724  725  726  727  728  729  730
  731  732  733  734  735  793  796  797  798  799
  800  801  802  803  804  805  806  870  871  872
  873  874  875  876  877  878  943  944  945  946
  947  948  949  950 1020
</goodbins_pthat_1>

<goodbins_pthat_2>
   73   74   75   76   77   78   79   80   81   82
   83  145  146  147  148  149  150  151  152  153
  154  155  156  217  218  219  220  221  222  223
  224  225  226  227  228  289  290  291  292  293
  294  295  296  297  298  299  300  361  362  363
  364  365  366  367  368  369  370  371  372  433
  434  435  436  437  438  439  440  441  442  443
  444  505  506  507  508  509  510  511  512  513
  514  515  516  577  578  579  580  581  582  583
  584  585  586  587  588  589  590  649  650  651
  652  653  654  655  656  657  658  659  660  661
  662  663  721  722  723  724  725  726  727  728
  729  730  731  732  733  734  735  793  794  795
  796  797  798  799  800  801  802  803  804  805
  806  807  866  867  868  869  870  871  872  873
  874  875  876  877  878  879  880  941  942  943
  944  945  946  947  948  949  950  951  952 1016
 1018 1019 1020 1021 1022 1023 1024 1025 1093 1094
 1095 1096
</goodbins_pthat_2>

<goodbins_pthat_3>
   73   74   75   76   77   78   79   80   81   82
   83   84   85   86   87  145  146  147  148  149
  150  151  152  153  154  155  156  157  158  159
  217  218  219  220  221  222  223  224  225  226
  227  228  229  230  289  290  291  292  293  294
  295  296  297  298  299  300  301  302  361  362
  363  364  365  366  367  368  369  370  371  372
  373  374  433  434  435  436  437  438  439  440
  441  442  443  444  445  446  505  506  507  508
  509  510  511  512  513  514  515  516  517  518
  577  578  579  580  581  582  583  584  585  586
  587  588  589  590  591  649  650  651  652  653
  654  655  656  657  658  659  660  661  662  663
  721  722  723  724  725  726  727  728  729  730
  731  732  733  734  735  736  737  793  794  795
  796  797  798  799  800  801  802  803  804  805
  806  807  808  809  810  865  866  867  868  869
  870  871  872  873  874  875  876  877  878  879
  880  881  882  937  938  939  940  941  942  943
  944  945  946  947  948  949  950  951  952  953
  954  955 1009 1010 1011 1012 1013 1014 1015 1016
 1017 1018 1019 1020 1021 1022 1023 1024 1025 1026
 1027 1082 1083 1084 1085 1086 1087 1088 1089 1090
 1091 1092 1093 1094 1095 1096 1097 1098 1099 1100
 1157 1158 1159 1160 1161 1162 1163 1164 1165 1166
 1167 1168 1169 1170 1171 1172 1231 1233 1234 1235
 1236 1237 1238 1239 1240 1241 1242 1243 1244 1307
 1308 1309 1310 1311 1312 1313 1314 1315 1316 1380
 1382 1383 1384 1385 1386 1387 1388 1389 1459 1460
 1461
</goodbins_pthat_3>

<goodbins_pthat_4>
   73   74   75   76   77   78   79   80   81   82
   83   84   85   86   87   88   89   90   91   92
   93  145  146  147  148  149  150  151  152  153
  154  155  156  157  158  159  160  161  162  163
  164  165  166  217  218  219  220  221  222  223
  224  225  226  227  228  229  230  231  232  233
  234  235  236  237  238  289  290  291  292  293
  294  295  296  297  298  299  300  301  302  303
  304  305  306  307  308  309  310  361  362  363
  364  365  366  367  368  369  370  371  372  373
  374  375  376  377  378  379  380  381  433  434
  435  436  437  438  439  440  441  442  443  444
  445  446  447  448  449  450  451  452  505  506
  507  508  509  510  511  512  513  514  515  516
  517  518  519  520  521  522  523  524  525  577
  578  579  580  581  582  583  584  585  586  587
  588  589  590  591  592  593  594  595  596  597
  598  649  650  651  652  653  654  655  656  657
  658  659  660  661  662  663  664  665  666  667
  668  669  721  722  723  724  725  726  727  728
  729  730  731  732  733  734  735  736  737  738
  739  740  793  794  795  796  797  798  799  800
  801  802  803  804  805  806  807  808  809  810
  811  812  813  865  866  867  868  869  870  871
  872  873  874  875  876  877  878  879  880  881
  882  883  884  937  938  939  940  941  942  943
  944  945  946  947  948  949  950  951  952  953
  954  955  956  957  958  960 1009 1010 1011 1012
 1013 1014 1015 1016 1017 1018 1019 1020 1021 1022
 1023 1024 1025 1026 1027 1028 1029 1030 1031 1032
 1033 1081 1082 1083 1084 1085 1086 1087 1088 1089
 1090 1091 1092 1093 1094 1095 1096 1097 1098 1099
 1100 1101 1102 1103 1104 1105 1153 1154 1155 1156
 1157 1158 1159 1160 1161 1162 1163 1164 1165 1166
 1167 1168 1169 1170 1171 1172 1173 1174 1175 1176
 1177 1225 1226 1227 1228 1229 1230 1231 1232 1233
 1234 1235 1236 1237 1238 1239 1240 1241 1242 1243
 1244 1245 1246 1247 1248 1249 1251 1297 1298 1299
 1300 1301 1302 1303 1304 1305 1306 1307 1308 1309
 1310 1311 1312 1313 1314 1315 1316 1317 1318 1319
 1320 1321 1322 1323 1324 1369 1370 1371 1372 1373
 1374 1375 1376 1377 1378 1379 1380 1381 1382 1383
 1384 1385 1386 1387 1388 1389 1390 1391 1392 1393
 1394 1395 1396 1441 1442 1443 1444 1445 1446 1447
 1448 1449 1450 1451 1452 1453 1454 1455 1456 1457
 1458 1459 1460 1461 1462 1463 1464 1465 1466 1467
 1468 1513 1514 1515 1516 1517 1518 1519 1520 1521
 1522 1523 1524 1525 1526 1527 1528 1529 1530 1531
 1532 1533 1534 1535 1536 1537 1538 1539 1540 1585
 1586 1588 1589 1590 1591 1592 1593 1594 1595 1596
 1597 1598 1599 1600 1601 1602 1603 1604 1605 1606
 1607 1608 1609 1610 1611 1612 1613 1614 1657 1661
 1662 1663 1664 1665 1666 1667 1668 1669 1670 1671
 1672 1673 1674 1675 1676 1677 1678 1679 1680 1681
 1682 1683 1684 1685 1686 1735 1736 1737 1738 1739
 1740 1741 1742 1743 1744 1745 1746 1747 1748 1749
 1750 1751 1752 1753 1754 1755 1756 1757 1809 1811
 1812 1813 1814 1815 1816 1817 1818 1819 1820 1821
 1822 1823 1824 1825 1826 1827 1828 1829 1886 1887
 1888 1889 1890 1891 1892 1893 1894 1895 1896 1897
 1898 1899 1900 1901 1960 1961 1963 1964 1965 1966
 1967 1968 1969 1970 1971 1972 1973 2037 2038 2039
 2040 2041 2042 2043 2044 2045 2046 2112 2113 2114
 2115 2116 2117 2186 2187 2190
</goodbins_pthat_4>

<goodbins_pthat_5>
   73   74   75   76   77   78   79   80   81   82
   83   84   85   86   87   88   89   90   91   92
   93   94   95   96   97   98  145  146  147  148
  149  150  151  152  153  154  155  156  157  158
  159  160  161  162  163  164  165  166  167  168
  169  170  217  218  219  220  221  222  223  224
  225  226  227  228  229  230  231  232  233  234
  235  236  237  238  239  240  241  242  243  244
  289  290  291  292  293  294  295  296  297  298
  299  300  301  302  303  304  305  306  307  308
  309  310  311  312  313  314  315  361  362  363
  364  365  366  367  368  369  370  371  372  373
  374  375  376  377  378  379  380  381  382  383
  384  385  386  433  434  435  436  437  438  439
  440  441  442  443  444  445  446  447  448  449
  450  451  452  453  454  455  456  457  458  505
  506  507  508  509  510  511  512  513  514  515
  516  517  518  519  520  521  522  523  524  525
  526  527  528  529  577  578  579  580  581  582
  583  584  585  586  587  588  589  590  591  592
  593  594  595  596  597  598  599  600  601  649
  650  651  652  653  654  655  656  657  658  659
  660  661  662  663  664  665  666  667  668  669
  670  671  672  673  674  676  721  722  723  724
  725  726  727  728  729  730  731  732  733  734
  735  736  737  738  739  740  741  742  744  745
  746  793  794  795  796  797  798  799  800  801
  802  803  804  805  806  807  808  809  810  811
  812  813  814  815  816  817  819  865  866  867
  868  869  870  871  872  873  874  875  876  877
  878  879  880  881  882  883  884  885  886  887
  888  890  937  938  939  940  941  942  943  944
  945  946  947  948  949  950  951  952  953  954
  955  956  957  958  960 1009 1010 1011 1012 1013
 1014 1015 1016 1017 1018 1019 1020 1021 1022 1023
 1024 1025 1026 1027 1028 1029 1030 1031 1032 1033
 1081 1082 1083 1084 1085 1086 1087 1088 1089 1090
 1091 1092 1093 1094 1095 1096 1097 1098 1099 1100
 1101 1102 1103 1104 1153 1154 1155 1156 1157 1158
 1159 1160 1161 1162 1163 1164 1165 1166 1167 1168
 1169 1170 1171 1172 1173 1174 1175 1177 1225 1226
 1227 1228 1229 1230 1231 1232 1233 1234 1235 1236
 1237 1238 1239 1240 1241 1242 1243 1244 1245 1246
 1247 1248 1249 1297 1298 1299 1300 1301 1302 1303
 1304 1305 1306 1307 1308 1309 1310 1311 1312 1313
 1314 1315 1316 1317 1318 1319 1320 1321 1322 1369
 1370 1371 1372 1373 1374 1375 1376 1377 1378 1379
 1380 1381 1382 1383 1384 1385 1386 1387 1388 1389
 1390 1391 1392 1393 1394 1441 1442 1443 1444 1445
 1446 1447 1448 1449 1450 1451 1452 1453 1454 1455
 1456 1457 1458 1459 1460 1461 1462 1463 1464 1465
 1466 1467 1468 1513 1514 1515 1516 1517 1518 1519
 1520 1521 1522 1523 1524 1525 1526 1527 1528 1529
 1530 1531 1532 1533 1534 1535 1536 1537 1538 1539
 1540 1541 1542 1585 1586 1587 1588 1589 1590 1591
 1592 1593 1594 1595 1596 1597 1598 1599 1600 1601
 1602 1603 1604 1605 1606 1607 1608 1609 1610 1611
 1612 1613 1657 1658 1659 1660 1661 1662 1663 1664
 1665 1666 1667 1668 1669 1670 1671 1672 1673 1674
 1675 1676 1677 1678 1679 1680 1681 1682 1683 1684
 1685 1686 1687 1689 1729 1730 1731 1732 1733 1734
 1735 1736 1737 1738 1739 1740 1741 1742 1743 1744
 1745 1746 1747 1748 1749 1750 1751 1752 1753 1754
 1755 1756 1757 1758 1759 1760 1761 1762 1801 1802
 1803 1804 1805 1806 1807 1808 1809 1810 1811 1812
 1813 1814 1815 1816 1817 1818 1819 1820 1821 1822
 1823 1824 1825 1826 1827 1828 1829 1830 1831 1832
 1833 1834 1835 1836 1873 1874 1875 1876 1877 1878
 1879 1880 1881 1882 1883 1884 1885 1886 1887 1888
 1889 1890 1891 1892 1893 1894 1895 1896 1897 1898
 1899 1900 1901 1902 1903 1904 1905 1906 1907 1908
 1909 1945 1946 1948 1949 1950 1951 1952 1953 1954
 1955 1956 1957 1958 1959 1960 1961 1962 1963 1964
 1965 1966 1967 1968 1969 1970 1971 1972 1973 1974
 1975 1976 1977 1978 1979 1980 1981 1982 2017 2019
 2021 2022 2023 2024 2025 2026 2027 2028 2029 2030
 2031 2032 2033 2034 2035 2036 2037 2038 2039 2040
 2041 2042 2043 2044 2045 2046 2047 2048 2049 2050
 2051 2052 2053 2089 2093 2094 2095 2096 2097 2098
 2099 2100 2101 2102 2103 2104 2105 2106 2107 2108
 2109 2110 2111 2112 2113 2114 2115 2116 2117 2118
 2119 2120 2121 2122 2123 2124 2125 2126 2163 2166
 2167 2168 2169 2170 2171 2172 2173 2174 2175 2176
 2177 2178 2179 2180 2181 2182 2183 2184 2185 2186
 2187 2188 2189 2190 2191 2192 2193 2194 2195 2196
 2197 2238 2241 2242 2243 2244 2245 2246 2247 2248
 2249 2250 2251 2252 2253 2254 2255 2256 2257 2258
 2259 2260 2261 2262 2263 2264 2265 2266 2267 2268
 2269 2270 2271 2312 2313 2314 2315 2316 2317 2318
 2319 2320 2321 2322 2323 2324 2325 2326 2327 2328
 2329 2330 2331 2332 2333 2334 2335 2336 2337 2338
 2339 2340 2341 2342 2343 2344 2387 2388 2389 2390
 2391 2392 2393 2394 2395 2396 2397 2398 2399 2400
 2401 2402 2403 2404 2405 2406 2407 2408 2409 2410
 2411 2412 2413 2414 2415 2459 2460 2462 2463 2464
 2465 2466 2467 2468 2469 2470 2471 2472 2473 2474
 2475 2476 2477 2478 2479 2480 2481 2482 2483 2484
 2485 2486 2487 2488 2535 2536 2538 2539 2540 2541
 2542 2543 2544 2545 2546 2547 2548 2549 2550 2551
 2552 2553 2554 2555 2556 2557 2558 2559 2560 2609
 2613 2615 2616 2617 2618 2619 2620 2621 2622 2623
 2624 2625 2626 2627 2628 2629 2630 2631 2688 2690
 2692 2693 2694 2695 2696 2697 2698 2699 2700 2701
 2702 2703 2768 2772 2773
</goodbins_pthat_5>

<goodbins_pthat_6>
   73   74   75   76   77   78   79   80   81   82
   83   84  145  146  147  148  149  150  151  152
  153  154  155  156  157  159  160  161  217  218
  219  220  221  222  223  224  225  226  227  228
  229  234  235  289  290  291  292  293  294  295
  296  297  298  299  300  301  302  304  361  362
  363  364  365  366  367  368  369  370  371  372
  373  375  378  383  433  434  435  436  437  438
  439  440  441  442  443  444  445  446  448  449
  505  506  507  508  509  510  511  512  513  514
  515  516  517  529  577  578  579  580  581  582
  583  584  585  586  587  588  589  590  649  650
  651  652  653  654  655  656  657  658  659  660
  661  662  663  664  721  722  723  724  725  726
  727  728  729  730  731  732  733  734  735  793
  794  795  796  797  798  799  800  801  802  803
  804  805  806  807  808  865  866  867  868  869
  870  871  872  873  874  875  876  877  878  879
  880  881  882  938  939  940  941  942  943  944
  945  946  947  948  949  950  951  952  953  954
  956 1012 1013 1014 1015 1016 1017 1018 1019 1020
 1021 1022 1023 1024 1025 1026 1027 1028 1084 1085
 1086 1087 1088 1089 1090 1091 1092 1093 1094 1095
 1096 1097 1098 1099 1100 1101 1157 1158 1159 1160
 1161 1162 1163 1164 1165 1166 1167 1168 1169 1170
 1171 1172 1173 1230 1231 1232 1233 1234 1235 1236
 1237 1238 1239 1240 1241 1242 1243 1244 1245 1246
 1247 1301 1303 1304 1305 1306 1307 1308 1309 1310
 1311 1312 1313 1314 1315 1316 1317 1318 1319 1320
 1374 1375 1376 1377 1378 1379 1380 1381 1382 1383
 1384 1385 1386 1387 1388 1389 1390 1391 1445 1447
 1448 1449 1450 1451 1452 1453 1454 1455 1456 1457
 1458 1459 1460 1461 1462 1463 1464 1465 1520 1521
 1522 1523 1524 1525 1526 1527 1528 1529 1530 1531
 1532 1533 1534 1535 1536 1537 1538 1539 1592 1593
 1594 1595 1596 1597 1598 1599 1600 1601 1602 1603
 1604 1605 1606 1607 1608 1609 1610 1611 1665 1666
 1667 1668 1669 1670 1671 1672 1673 1674 1675 1676
 1677 1678 1679 1680 1681 1682 1683 1684 1737 1738
 1739 1740 1741 1742 1743 1744 1745 1746 1747 1748
 1749 1750 1751 1752 1753 1754 1755 1756 1757 1758
 1759 1808 1809 1810 1811 1812 1813 1814 1815 1816
 1817 1818 1819 1820 1821 1822 1823 1824 1825 1826
 1827 1828 1829 1830 1879 1881 1882 1883 1884 1885
 1886 1887 1888 1889 1890 1891 1892 1893 1894 1895
 1896 1897 1898 1899 1900 1901 1902 1903 1954 1955
 1956 1957 1958 1959 1960 1961 1962 1963 1964 1965
 1966 1967 1968 1969 1970 1971 1972 1973 1974 1975
 1976 1977 2024 2025 2026 2027 2028 2029 2030 2031
 2032 2033 2034 2035 2036 2037 2038 2039 2040 2041
 2042 2043 2044 2045 2046 2047 2048 2049 2050 2089
 2097 2098 2099 2100 2101 2102 2103 2104 2105 2106
 2107 2108 2109 2110 2111 2112 2113 2114 2115 2116
 2117 2118 2119 2120 2121 2122 2123 2170 2171 2172
 2173 2174 2175 2176 2177 2178 2179 2180 2181 2182
 2183 2184 2185 2186 2187 2188 2189 2190 2191 2192
 2193 2194 2195 2196 2197 2241 2242 2243 2244 2245
 2246 2247 2248 2249 2250 2251 2252 2253 2254 2255
 2256 2257 2258 2259 2260 2261 2262 2263 2264 2265
 2266 2267 2268 2269 2270 2311 2312 2313 2314 2315
 2316 2317 2318 2319 2320 2321 2322 2323 2324 2325
 2326 2327 2328 2329 2330 2331 2332 2333 2334 2335
 2336 2337 2338 2339 2340 2341 2342 2343 2383 2384
 2385 2386 2387 2388 2389 2390 2391 2392 2393 2394
 2395 2396 2397 2398 2399 2400 2401 2402 2403 2404
 2405 2406 2407 2408 2409 2410 2411 2412 2413 2414
 2415 2416 2417 2455 2456 2457 2458 2459 2460 2461
 2462 2463 2464 2465 2466 2467 2468 2469 2470 2471
 2472 2473 2474 2475 2476 2477 2478 2479 2480 2481
 2482 2483 2484 2485 2486 2487 2488 2489 2490 2491
 2492 2524 2525 2527 2528 2529 2530 2531 2532 2533
 2534 2535 2536 2537 2538 2539 2540 2541 2542 2543
 2544 2545 2546 2547 2548 2549 2550 2551 2552 2553
 2554 2555 2556 2557 2558 2559 2560 2561 2562 2563
 2599 2600 2601 2602 2603 2604 2605 2606 2607 2608
 2609 2610 2611 2612 2613 2614 2615 2616 2617 2618
 2619 2620 2621 2622 2623 2624 2625 2626 2627 2628
 2629 2630 2631 2632 2633 2634 2635 2636 2637 2638
 2665 2671 2672 2673 2674 2675 2676 2677 2678 2679
 2680 2681 2682 2683 2684 2685 2686 2687 2688 2689
 2690 2691 2692 2693 2694 2695 2696 2697 2698 2699
 2700 2701 2702 2703 2704 2705 2706 2707 2708 2710
 2743 2744 2745 2747 2748 2749 2750 2751 2752 2753
 2754 2755 2756 2757 2758 2759 2760 2761 2762 2763
 2764 2765 2766 2767 2768 2769 2770 2771 2772 2773
 2774 2775 2776 2777 2778 2779 2780 2781 2782 2817
 2819 2820 2821 2822 2823 2824 2825 2826 2827 2828
 2829 2830 2831 2832 2833 2834 2835 2836 2837 2838
 2839 2840 2841 2842 2843 2844 2845 2846 2847 2848
 2849 2850 2851 2852 2853 2854 2894 2895 2896 2897
 2898 2899 2900 2901 2902 2903 2904 2905 2906 2907
 2908 2909 2910 2911 2912 2913 2914 2915 2916 2917
 2918 2919 2920 2921 2922 2923 2924 2925 2926 2927
 2966 2967 2968 2969 2970 2971 2972 2973 2974 2975
 2976 2977 2978 2979 2980 2981 2982 2983 2984 2985
 2986 2987 2988 2989 2990 2991 2992 2993 2994 2995
 2996 2997 2998 2999 3040 3043 3044 3045 3046 3047
 3048 3049 3050 3051 3052 3053 3054 3055 3056 3057
 3058 3059 3060 3061 3062 3063 3064 3065 3066 3067
 3068 3069 3070 3113 3115 3118 3119 3120 3121 3123
 3124 3125 3126 3127 3128 3129 3130 3131 3132 3133
 3134 3135 3136 3137 3138 3139 3140 3141 3142 3143
 3187 3195 3196 3197 3198 3199 3200 3201 3202 3203
 3204 3205 3206 3207 3208 3209 3210 3211 3212 3213
 3214 3215 3268 3270 3272 3273 3275 3276 3277 3278
 3279 3280 3281 3282 3283 3284 3285 3286 3347 3356
 3357 3359
</goodbins_pthat_6>

<goodbins_pthat_7>
   73   74   75   76   77   78   79   80   81   82
   83   84   85  145  146  147  148  149  150  151
  152  153  154  155  156  157  159  217  218  219
  220  221  222  223  224  225  226  227  228  229
  230  289  290  291  292  293  294  295  296  297
  298  299  300  301  303  361  362  363  364  365
  366  367  368  369  370  371  373  376  433  434
  435  436  437  438  439  440  441  442  443  444
  505  506  507  508  509  510  511  512  513  514
  515  516  517  519  522  577  578  579  580  581
  582  583  584  585  586  587  588  589  649  650
  651  652  653  654  655  656  657  658  659  660
  661  662  721  722  723  724  725  726  727  728
  729  730  731  732  733  734  735  793  795  796
  797  798  799  800  801  802  803  804  805  806
  807  808  865  866  867  868  869  870  871  872
  873  874  875  876  877  878  879  880  881  939
  940  941  942  943  944  945  946  947  948  949
  950  951  952  953 1012 1013 1014 1015 1016 1017
 1018 1019 1020 1021 1022 1023 1024 1025 1026 1027
 1085 1086 1087 1088 1089 1090 1091 1092 1093 1094
 1095 1096 1097 1098 1099 1100 1158 1159 1160 1161
 1162 1163 1164 1165 1166 1167 1168 1169 1170 1171
 1172 1173 1231 1232 1233 1234 1235 1236 1237 1238
 1239 1240 1241 1242 1243 1244 1245 1303 1304 1305
 1306 1307 1308 1309 1310 1311 1312 1313 1314 1315
 1316 1317 1318 1319 1376 1377 1378 1379 1380 1381
 1382 1383 1384 1385 1386 1387 1388 1389 1390 1391
 1392 1448 1449 1450 1451 1452 1453 1454 1455 1456
 1457 1458 1459 1460 1461 1462 1463 1464 1465 1466
 1521 1522 1523 1524 1525 1526 1527 1528 1529 1530
 1531 1532 1533 1534 1535 1536 1537 1595 1596 1597
 1598 1599 1600 1601 1602 1603 1604 1605 1606 1607
 1608 1609 1610 1611 1665 1666 1668 1669 1670 1671
 1672 1673 1674 1675 1676 1677 1678 1679 1680 1681
 1682 1683 1737 1739 1740 1741 1742 1743 1744 1745
 1746 1747 1748 1749 1750 1751 1752 1753 1754 1755
 1756 1757 1759 1810 1811 1813 1814 1815 1816 1817
 1818 1819 1820 1821 1822 1823 1824 1825 1826 1827
 1828 1829 1830 1883 1884 1885 1886 1887 1888 1889
 1890 1891 1892 1893 1894 1895 1896 1897 1898 1899
 1900 1901 1902 1903 1955 1956 1957 1958 1959 1960
 1961 1962 1963 1964 1965 1966 1967 1968 1969 1970
 1971 1972 1973 1974 1975 2025 2028 2030 2031 2032
 2033 2034 2035 2036 2037 2038 2039 2040 2041 2042
 2043 2044 2045 2046 2047 2048 2049 2050 2099 2101
 2102 2103 2104 2105 2106 2107 2108 2109 2110 2111
 2112 2113 2114 2115 2116 2117 2118 2119 2120 2121
 2122 2173 2174 2175 2176 2177 2178 2179 2180 2181
 2182 2183 2184 2185 2186 2187 2188 2189 2190 2191
 2192 2193 2194 2195 2245 2246 2247 2248 2249 2250
 2251 2252 2253 2254 2255 2256 2257 2258 2259 2260
 2261 2262 2263 2264 2265 2266 2267 2268 2318 2319
 2320 2321 2322 2323 2324 2325 2326 2327 2328 2329
 2330 2331 2332 2333 2334 2335 2336 2337 2338 2339
 2340 2341 2387 2388 2389 2391 2392 2393 2394 2395
 2396 2397 2398 2399 2400 2401 2402 2403 2404 2405
 2406 2407 2408 2409 2410 2411 2412 2413 2414 2462
 2463 2464 2465 2466 2467 2468 2469 2470 2471 2472
 2473 2474 2475 2476 2477 2478 2479 2480 2481 2482
 2483 2484 2485 2486 2487 2531 2534 2535 2536 2537
 2538 2539 2540 2541 2542 2543 2544 2545 2546 2547
 2548 2549 2550 2551 2552 2553 2554 2555 2556 2557
 2558 2559 2560 2561 2605 2606 2607 2608 2609 2610
 2611 2612 2613 2614 2615 2616 2617 2618 2619 2620
 2621 2622 2623 2624 2625 2626 2627 2628 2629 2630
 2631 2632 2633 2634 2635 2674 2676 2678 2679 2680
 2681 2682 2683 2684 2685 2686 2687 2688 2689 2690
 2691 2692 2693 2694 2695 2696 2697 2698 2699 2700
 2701 2702 2703 2704 2705 2706 2707 2747 2749 2750
 2751 2752 2753 2754 2755 2756 2757 2758 2759 2760
 2761 2762 2763 2764 2765 2766 2767 2768 2769 2770
 2771 2772 2773 2774 2775 2776 2777 2778 2779 2780
 2781 2819 2823 2824 2825 2826 2827 2828 2829 2830
 2831 2832 2833 2834 2835 2836 2837 2838 2839 2840
 2841 2842 2843 2844 2845 2846 2847 2848 2849 2850
 2851 2852 2853 2855 2890 2892 2893 2894 2895 2896
 2897 2898 2899 2900 2901 2902 2903 2904 2905 2906
 2907 2908 2909 2910 2911 2912 2913 2914 2915 2916
 2917 2918 2919 2920 2921 2922 2923 2924 2925 2927
 2965 2966 2967 2968 2969 2970 2971 2972 2973 2974
 2975 2976 2977 2978 2979 2980 2981 2982 2983 2984
 2985 2986 2987 2988 2989 2990 2991 2992 2993 2994
 2995 2996 2997 2998 2999 3000 3001 3035 3036 3037
 3038 3039 3040 3041 3042 3043 3044 3045 3046 3047
 3048 3049 3050 3051 3052 3053 3054 3055 3056 3057
 3058 3059 3060 3061 3062 3063 3064 3065 3066 3067
 3068 3069 3070 3071 3072 3073 3074 3106 3107 3108
 3109 3110 3111 3112 3113 3114 3115 3116 3117 3118
 3119 3120 3121 3122 3123 3124 3125 3126 3127 3128
 3129 3130 3131 3132 3133 3134 3135 3136 3137 3138
 3139 3140 3141 3142 3143 3144 3145 3146 3147 3148
 3176 3177 3178 3179 3180 3181 3182 3183 3184 3185
 3186 3187 3188 3189 3190 3191 3192 3193 3194 3195
 3196 3197 3198 3199 3200 3201 3202 3203 3204 3205
 3206 3207 3208 3209 3210 3211 3212 3213 3214 3215
 3216 3217 3218 3219 3220 3221 3249 3250 3251 3252
 3253 3254 3255 3256 3257 3258 3259 3260 3261 3262
 3263 3264 3265 3266 3267 3268 3269 3270 3271 3272
 3273 3274 3275 3276 3277 3278 3279 3280 3281 3282
 3283 3284 3285 3286 3287 3288 3289 3290 3291 3292
 3293 3294 3322 3323 3324 3325 3326 3327 3328 3329
 3330 3331 3332 3333 3334 3335 3336 3337 3338 3339
 3340 3341 3342 3343 3344 3345 3346 3347 3348 3349
 3350 3351 3352 3353 3354 3355 3356 3357 3358 3359
 3360 3361 3362 3363 3364 3365 3366 3367 3392 3394
 3395 3396 3397 3398 3399 3400 3401 3402 3403 3404
 3405 3406 3407 3408 3409 3410 3411 3412 3413 3414
 3415 3416 3417 3418 3419 3420 3421 3422 3423 3424
 3425 3426 3427 3428 3429 3430 3431 3432 3433 3434
 3435 3436 3437 3438 3439 3440 3441 3466 3467 3468
 3469 3470 3471 3472 3473 3474 3475 3476 3477 3478
 3479 3480 3481 3482 3483 3484 3485 3486 3487 3488
 3489 3490 3491 3492 3493 3494 3495 3496 3497 3498
 3499 3500 3501 3502 3503 3504 3505 3506 3507 3508
 3509 3510 3511 3512 3540 3542 3544 3545 3546 3547
 3548 3549 3550 3551 3552 3553 3554 3555 3556 3557
 3558 3559 3560 3561 3562 3563 3564 3565 3566 3567
 3568 3569 3570 3571 3572 3573 3574 3575 3576 3577
 3578 3579 3580 3581 3582 3583 3584 3617 3618 3619
 3620 3621 3622 3623 3624 3625 3626 3627 3628 3629
 3630 3631 3632 3633 3634 3635 3636 3637 3638 3639
 3640 3641 3642 3643 3644 3645 3646 3647 3648 3649
 3650 3651 3652 3653 3654 3655 3656 3657 3688 3690
 3691 3692 3693 3694 3695 3696 3697 3698 3699 3700
 3701 3702 3703 3704 3705 3706 3707 3708 3709 3710
 3711 3712 3713 3714 3715 3716 3717 3718 3719 3720
 3721 3722 3723 3724 3725 3726 3727 3728 3729 3765
 3766 3767 3768 3769 3770 3771 3772 3773 3774 3775
 3776 3777 3778 3779 3780 3781 3782 3783 3784 3785
 3786 3787 3788 3789 3790 3791 3792 3793 3794 3795
 3796 3797 3798 3799 3800 3801 3837 3839 3844 3845
 3846 3847 3848 3849 3850 3851 3852 3853 3854 3855
 3856 3857 3858 3859 3860 3861 3862 3863 3864 3865
 3866 3867 3868 3869 3870 3871 3872 3873 3874 3913
 3918 3919 3922 3923 3924 3925 3926 3927 3928 3929
 3930 3931 3932 3933 3934 3935 3936 3937 3938 3939
 3940 3941 3942 3943 3944 3999 4001 4002 4005 4008
 4009 4010 4011 4012 4014 4075
</goodbins_pthat_7>

<goodbins_pthat_8>
   73   74   75   76   77   78   79   80   81   82
   83   84   85   86  145  146  147  148  149  150
  151  152  153  154  155  156  157  217  218  219
  220  221  222  223  224  225  226  227  228  229
  230  289  290  291  292  293  294  295  296  297
  298  299  361  362  363  364  365  366  367  368
  369  370  371  372  433  434  435  436  437  438
  439  440  441  442  443  444  446  505  506  507
  508  509  510  511  512  513  514  515  516  577
  578  579  580  581  582  583  584  585  586  587
  588  589  590  649  650  651  652  653  654  655
  656  657  658  659  660  661  662  663  721  722
  723  724  725  726  727  728  729  730  731  732
  733  734  735  736  737  793  794  795  796  797
  798  799  800  801  802  803  804  805  806  807
  808  866  867  868  869  870  871  872  873  874
  875  876  877  878  879  880  881  937  939  940
  941  942  943  944  945  946  947  948  949  950
  951  952  953  954 1014 1015 1016 1017 1018 1019
 1020 1021 1022 1023 1024 1025 1026 1027 1084 1085
 1086 1087 1088 1089 1090 1091 1092 1093 1094 1095
 1096 1097 1098 1099 1158 1159 1160 1161 1162 1163
 1164 1165 1166 1167 1168 1169 1170 1171 1172 1228
 1231 1232 1233 1234 1235 1236 1237 1238 1239 1240
 1241 1242 1243 1244 1245 1246 1302 1304 1305 1306
 1307 1308 1309 1310 1311 1312 1313 1314 1315 1316
 1317 1318 1375 1377 1378 1379 1380 1381 1382 1383
 1384 1385 1386 1387 1388 1389 1391 1448 1449 1450
 1451 1452 1453 1454 1455 1456 1457 1458 1459 1460
 1461 1462 1463 1464 1521 1522 1523 1524 1525 1526
 1527 1528 1529 1530 1531 1532 1533 1534 1535 1536
 1594 1595 1596 1597 1598 1599 1600 1601 1602 1603
 1604 1605 1606 1607 1608 1609 1610 1611 1666 1668
 1669 1670 1671 1672 1673 1674 1675 1676 1677 1678
 1679 1680 1681 1682 1683 1739 1741 1742 1743 1744
 1745 1746 1747 1748 1749 1750 1751 1752 1753 1754
 1755 1756 1813 1814 1815 1816 1817 1818 1819 1820
 1821 1822 1823 1824 1825 1826 1827 1828 1829 1886
 1887 1888 1889 1890 1891 1892 1893 1894 1895 1896
 1897 1898 1899 1900 1901 1902 1903 1957 1958 1959
 1960 1961 1962 1963 1964 1965 1966 1967 1968 1969
 1970 1971 1972 1973 1974 1975 2031 2032 2033 2034
 2035 2036 2037 2038 2039 2040 2041 2042 2043 2044
 2045 2046 2047 2048 2102 2104 2105 2106 2107 2108
 2109 2110 2111 2112 2113 2114 2115 2116 2117 2118
 2119 2120 2121 2122 2176 2177 2178 2179 2180 2181
 2182 2183 2184 2185 2186 2187 2188 2189 2190 2191
 2192 2193 2194 2195 2247 2249 2250 2251 2252 2253
 2254 2255 2256 2257 2258 2259 2260 2261 2262 2263
 2264 2265 2266 2319 2320 2321 2322 2323 2324 2325
 2326 2327 2328 2329 2330 2331 2332 2333 2334 2335
 2336 2337 2338 2339 2340 2341 2391 2392 2393 2394
 2395 2396 2397 2398 2399 2400 2401 2402 2403 2404
 2405 2406 2407 2408 2409 2410 2411 2412 2413 2414
 2464 2466 2467 2468 2469 2470 2471 2472 2473 2474
 2475 2476 2477 2478 2479 2480 2481 2482 2483 2484
 2485 2486 2489 2536 2537 2538 2539 2540 2541 2542
 2543 2544 2545 2546 2547 2548 2549 2550 2551 2552
 2553 2554 2555 2556 2557 2558 2559 2560 2606 2608
 2611 2612 2613 2614 2615 2616 2617 2618 2619 2620
 2621 2622 2623 2624 2625 2626 2627 2628 2629 2630
 2631 2632 2682 2683 2684 2685 2686 2687 2688 2689
 2690 2691 2692 2693 2694 2695 2696 2697 2698 2699
 2700 2701 2702 2703 2704 2705 2706 2752 2756 2757
 2758 2759 2760 2761 2762 2763 2764 2765 2766 2767
 2768 2769 2770 2771 2772 2773 2774 2775 2776 2777
 2778 2779 2824 2825 2826 2827 2828 2829 2830 2831
 2832 2833 2834 2835 2836 2837 2838 2839 2840 2841
 2842 2843 2844 2845 2846 2847 2848 2849 2850 2851
 2852 2896 2899 2900 2901 2902 2903 2904 2905 2906
 2907 2908 2909 2910 2911 2912 2913 2914 2915 2916
 2917 2918 2919 2920 2921 2922 2923 2924 2925 2972
 2973 2974 2975 2976 2977 2978 2979 2980 2981 2982
 2983 2984 2985 2986 2987 2988 2989 2990 2991 2992
 2993 2994 2995 2996 2997 2998 3044 3045 3046 3047
 3048 3049 3050 3051 3052 3053 3054 3055 3056 3057
 3058 3059 3060 3061 3062 3063 3064 3065 3066 3067
 3068 3069 3070 3114 3115 3117 3118 3119 3120 3121
 3122 3123 3124 3125 3126 3127 3128 3129 3130 3131
 3132 3133 3134 3135 3136 3137 3138 3139 3140 3141
 3142 3143 3144 3145 3185 3186 3187 3189 3190 3191
 3192 3193 3194 3195 3196 3197 3198 3199 3200 3201
 3202 3203 3204 3205 3206 3207 3208 3209 3210 3211
 3212 3213 3214 3215 3216 3217 3218 3257 3258 3259
 3261 3262 3263 3264 3265 3266 3267 3268 3269 3270
 3271 3272 3273 3274 3275 3276 3277 3278 3279 3280
 3281 3282 3283 3284 3285 3286 3287 3288 3289 3290
 3331 3332 3333 3334 3335 3336 3337 3338 3339 3340
 3341 3342 3343 3344 3345 3346 3347 3348 3349 3350
 3351 3352 3353 3354 3355 3356 3357 3358 3359 3360
 3361 3362 3363 3364 3403 3404 3405 3406 3407 3408
 3409 3410 3411 3412 3413 3414 3415 3416 3417 3418
 3419 3420 3421 3422 3423 3424 3425 3426 3427 3428
 3429 3430 3431 3432 3433 3434 3435 3436 3437 3472
 3474 3476 3477 3478 3479 3480 3481 3482 3483 3484
 3485 3486 3487 3488 3489 3490 3491 3492 3493 3494
 3495 3496 3497 3498 3499 3500 3501 3502 3503 3504
 3505 3506 3507 3508 3509 3541 3544 3546 3547 3548
 3549 3550 3551 3552 3553 3554 3555 3556 3557 3558
 3559 3560 3561 3562 3563 3564 3565 3566 3567 3568
 3569 3570 3571 3572 3573 3574 3575 3576 3577 3578
 3579 3580 3581 3582 3583 3618 3619 3620 3621 3622
 3623 3624 3625 3626 3627 3628 3629 3630 3631 3632
 3633 3634 3635 3636 3637 3638 3639 3640 3641 3642
 3643 3644 3645 3646 3647 3648 3649 3650 3651 3652
 3653 3654 3655 3656 3657 3686 3688 3689 3690 3691
 3692 3693 3694 3695 3696 3697 3698 3699 3700 3701
 3702 3703 3704 3705 3706 3707 3708 3709 3710 3711
 3712 3713 3714 3715 3716 3717 3718 3719 3720 3721
 3722 3723 3724 3725 3726 3727 3728 3729 3730 3760
 3761 3762 3763 3764 3765 3766 3767 3768 3769 3770
 3771 3772 3773 3774 3775 3776 3777 3778 3779 3780
 3781 3782 3783 3784 3785 3786 3787 3788 3789 3790
 3791 3792 3793 3794 3795 3796 3797 3798 3799 3800
 3801 3802 3803 3804 3828 3829 3830 3832 3833 3834
 3835 3836 3837 3838 3839 3840 3841 3842 3843 3844
 3845 3846 3847 3848 3849 3850 3851 3852 3853 3854
 3855 3856 3857 3858 3859 3860 3861 3862 3863 3864
 3865 3866 3867 3868 3869 3870 3871 3872 3873 3874
 3875 3876 3877 3899 3903 3904 3905 3906 3907 3908
 3909 3910 3911 3912 3913 3914 3915 3916 3917 3918
 3919 3920 3921 3922 3923 3924 3925 3926 3927 3928
 3929 3930 3931 3932 3933 3934 3935 3936 3937 3938
 3939 3940 3941 3942 3943 3944 3945 3946 3947 3948
 3949 3950 3974 3975 3976 3977 3978 3979 3980 3981
 3982 3983 3984 3985 3986 3987 3988 3989 3990 3991
 3992 3993 3994 3995 3996 3997 3998 3999 4000 4001
 4002 4003 4004 4005 4006 4007 4008 4009 4010 4011
 4012 4013 4014 4015 4016 4017 4018 4019 4020 4021
 4022 4023 4024 4042 4045 4046 4047 4048 4049 4050
 4051 4052 4053 4054 4055 4056 4057 4058 4059 4060
 4061 4062 4063 4064 4065 4066 4067 4068 4069 4070
 4071 4072 4073 4074 4075 4076 4077 4078 4079 4080
 4081 4082 4083 4084 4085 4086 4087 4088 4089 4090
 4091 4092 4093 4094 4095 4096 4097 4115 4118 4119
 4120 4121 4122 4123 4124 4125 4126 4127 4128 4129
 4130 4131 4132 4133 4134 4135 4136 4137 4138 4139
 4140 4141 4142 4143 4144 4145 4146 4147 4148 4149
 4150 4151 4152 4153 4154 4155 4156 4157 4158 4159
 4160 4161 4162 4163 4164 4165 4166 4167 4168 4169
 4170 4192 4193 4195 4196 4197 4198 4199 4200 4201
 4202 4203 4204 4205 4206 4207 4208 4209 4210 4211
 4212 4213 4214 4215 4216 4217 4218 4219 4220 4221
 4222 4223 4224 4225 4226 4227 4228 4229 4230 4231
 4232 4233 4234 4235 4236 4237 4238 4239 4240 4241
 4265 4266 4267 4268 4269 4270 4271 4272 4273 4274
 4275 4276 4277 4278 4279 4280 4281 4282 4283 4284
 4285 4286 4287 4288 4289 4290 4291 4292 4293 4294
 4295 4296 4297 4298 4299 4300 4301 4302 4303 4304
 4305 4306 4307 4308 4309 4310 4311 4312 4314 4342
 4343 4344 4345 4346 4347 4348 4349 4350 4351 4352
 4353 4354 4355 4356 4357 4358 4359 4360 4361 4362
 4363 4364 4365 4366 4367 4368 4369 4370 4371 4372
 4373 4374 4375 4376 4377 4378 4379 4380 4381 4382
 4383 4384 4385 4386 4415 4416 4417 4418 4420 4421
 4422 4423 4424 4425 4426 4427 4428 4429 4430 4431
 4432 4433 4434 4435 4436 4437 4438 4439 4440 4441
 4442 4443 4444 4445 4446 4447 4448 4449 4450 4451
 4452 4453 4454 4455 4456 4458 4491 4492 4493 4494
 4496 4497 4498 4499 4500 4501 4502 4503 4504 4505
 4506 4507 4508 4509 4510 4511 4512 4513 4514 4515
 4516 4517 4518 4519 4520 4521 4522 4523 4524 4525
 4526 4527 4528 4529 4569 4572 4573 4574 4575 4576
 4579 4580 4581 4582 4583 4584 4585 4586 4587 4588
 4589 4590 4591 4592 4593 4594 4595 4596 4597 4598
 4599 4600 4602 4648 4651 4652 4654 4655 4656 4662
 4663 4665 4666 4667 4668 4733
</goodbins_pthat_8>

