  #good-id      runId   dur(sec)
         0   16124035       1748
         1   16124037       2067
         2   16125035        748
         3   16125039       1652
         4   16125043       1640
         5   16125050       1810
         6   16125053       1796
         7   16125054       1800
         8   16125056       1929
         9   16126006       1890
        10   16126007       1978
        11   16126008       1397
        12   16126009       1884
        13   16126010       2108
        14   16126011       1897
        15   16126012       1815
        16   16126013       2278
        17   16126015       1852
        18   16126016       1826
        19   16126017       1843
        20   16126030       1743
        21   16126031       1770
        22   16126032       1830
        23   16126033       1808
        24   16126034       1996
        25   16126035        780
        26   16126036       1710
        27   16126037       1802
        28   16126038       1806
        29   16126039       1802
        30   16126040       1806
        31   16126041       1764
        32   16126042       1802
        33   16126043       1477
        34   16126050       1511
        35   16126051       1803
        36   16126052       1794
        37   16126053       1486
        38   16127007       1609
        39   16127008       1815
        40   16127009       1832
        41   16127010       2095
        42   16127011       1840
        43   16127012       1084
        44   16127013       2029
        45   16127014       1804
        46   16127015       1870
        47   16127016        834
        48   16127017       1991
        49   16127018       1792
        50   16127019       1805
        51   16127020       1805
        52   16127021       1798
        53   16127023        645
        54   16127025       1799
        55   16127026       1795
        56   16127027       1177
        57   16127028       1791
        58   16127029       1782
        59   16127030       1267
        60   16127031       1733
        61   16127032       1634
        62   16127033        629
        63   16127047       1843
        64   16127052       1792
        65   16127053       1482
        66   16127055       1972
        67   16128001       2000
        68   16128002       1810
        69   16128003       1415
        70   16128007       2164
        71   16128008       1057
        72   16128015       1909
        73   16128016       1197
        74   16128021       1905
        75   16128022       1789
        76   16128028        822
        77   16128029        904
        78   16128030       1677
        79   16128034        768
        80   16128035        706
        81   16128036       1757
        82   16128037       1906
        83   16128039       1708
        84   16128040       1759
        85   16128041       1775
        86   16128043       1804
        87   16128049       1802
        88   16128050       1809
        89   16128051       1806
        90   16128052       1080
        91   16128055       1984
        92   16128057        698
        93   16128058       1827
        94   16128059       1732
        95   16128060       1625
        96   16128064       1891
        97   16128065       1189
        98   16129001       2096
        99   16129002       1917
       100   16129003       1820
       101   16129004       1844
       102   16129005       1848
       103   16129006       1559
       104   16129007       1588
       105   16129008       2039
       106   16129009       1870
       107   16129010       1757
       108   16129011       1810
       109   16129013        679
       110   16129014       1342
       111   16129029       1784
       112   16129030       1506
       113   16129031       1717
       114   16129032       1849
       115   16129033       1795
       116   16129034       1804
       117   16129035       1804
       118   16129036        957
       119   16129037       1801
       120   16129038       1805
       121   16129039       1653
       122   16129043       1493
       123   16129044       1787
       124   16129045       1795
       125   16129046       1817
       126   16129047       1798
       127   16129048       1791
       128   16129049       1801
       129   16129050       1850
       130   16129051       1835
       131   16130001       1808
       132   16130002       1823
       133   16130003       1372
       134   16130004       1815
       135   16130005       1248
       136   16130033       1724
       137   16130034       1799
       138   16130035       1801
       139   16130038       1792
       140   16130040       1804
       141   16130044       1778
       142   16130045       1291
       143   16130046       1766
       144   16130047       1316
       145   16130048       1804
       146   16130049       1803
       147   16130051       1792
       148   16130052       2306
       149   16131004       1806
       150   16131005       1827
       151   16131006       1823
       152   16131007       1810
       153   16131008       1851
       154   16131009       1811
       155   16131010       1808
       156   16131011       1831
       157   16131012       2010
       158   16131013       1834
       159   16131014       1996
       160   16131028       1302
       161   16131030       1155
       162   16131039       1806
       163   16131041       2032
       164   16131042       1789
       165   16131043       1809
       166   16131044       1801
       167   16131047       1797
       168   16131049       1790
       169   16131050       1563
       170   16132003       1387
       171   16132021       1693
       172   16132022       1156
       173   16132023       1821
       174   16132024       2052
       175   16132025       1828
       176   16132026       1798
       177   16132027       1805
       178   16132030       1905
       179   16132032       1827
       180   16132049       1829
       181   16132050       1886
       182   16132051       1817
       183   16132053       1813
       184   16132054       1836
       185   16133001       2305
       186   16133002       1808
       187   16133003       1817
       188   16133004       1809
       189   16133006       1809
       190   16133007       1809
       191   16133008       1807
       192   16133009       1828
       193   16133010       1806
       194   16133011       1809
       195   16133013       1819
       196   16133087       1829
       197   16133088       1866
       198   16133089       1901
       199   16133091       1938
       200   16133092       1843
       201   16133093       1808
       202   16134001       1811
       203   16134002       1814
       204   16134003       1164
       205   16134004       1805
       206   16134005       1067
       207   16134014       1952
       208   16134015       1828
       209   16134016       1398
       210   16134017       1995
       211   16134018       1893
       212   16134019       2143
       213   16134028       2413
       214   16134029       1833
       215   16134030       1457
       216   16134043       1249
       217   16134044       1853
       218   16134045       1872
       219   16134046       1951
       220   16134047       1827
       221   16134048       1359
       222   16134054       1869
       223   16134055       1807
       224   16135001       1795
       225   16135002       1786
       226   16135003       1806
       227   16135004       1806
       228   16135005       1810
       229   16135006       1418
       230   16135007       1873
       231   16135008       1815
       232   16135009       1810
       233   16135010       1985
       234   16135011       2088
       235   16135013       1858
       236   16135014       1091
       237   16135025        792
       238   16135032       1810
       239   16135033       1809
       240   16135034       1287
       241   16135035       1870
       242   16135036       1752
       243   16135037       1829
       244   16135038       1818
       245   16135039       1899
       246   16135040       1123
       247   16135041       1852
       248   16135043       1378
       249   16135048       1920
       250   16135049        962
       251   16135053        651
       252   16135056       1760
       253   16135061       1803
       254   16136001       1186
       255   16136002       1802
       256   16136003       1809
       257   16136004        944
       258   16136011       1870
       259   16136013       1809
       260   16136014       1803
       261   16136016       1818
       262   16136017       2194
       263   16136019       1815
       264   16136020       1806
       265   16136021       2115
       266   16136022       2167
       267   16136023       1974
       268   16136024       1842
       269   16136025       1268
       270   16136035       1380
       271   16136036       2093
       272   16136043       1864
       273   16136044       1841
       274   16136045       1311
       275   16136046       1824
       276   16136047       1734
       277   16136048       1812
       278   16136049       1861
       279   16136050       1833
       280   16136051       1593
       281   16136052       1867
       282   16136053       2279
       283   16136057       1807
       284   16137001       1840
       285   16137002       1835
       286   16137003       1894
       287   16137004       1803
       288   16137005       1462
       289   16137006       1817
       290   16137007       1815
       291   16137008       1035
       292   16137010       1809
       293   16137011       1979
       294   16137012       1906
       295   16137013       2063
       296   16137017       1929
       297   16137018       2018
       298   16137019       1838
       299   16137020       1832
       300   16137021       2832
       301   16137022        949
       302   16137028       1868
       303   16137029       2226
       304   16137030       1854
       305   16137031       1167
       306   16137032       1829
       307   16137033       1250
       308   16137038       1818
       309   16137039       1914
       310   16137040       1874
       311   16137041       1910
       312   16137042       1850
       313   16137043       1990
       314   16137045       1835
       315   16137046       1838
       316   16137047       1872
       317   16137048       1853
       318   16137049       2109
       319   16137052       1170
       320   16138014       1838
       321   16138015       1809
       322   16138016       1814
       323   16138017       1901
       324   16138021       1804
       325   16138022       1965
       326   16138023       1879
       327   16138024       1844
       328   16138025       1854
       329   16138026        864
       330   16138027       1863
       331   16138028       2032
       332   16138029       1225
       333   16138040       1474
       334   16138042       1811
       335   16138044       1843
       336   16138045       1829
       337   16138046       1981
       338   16138047       1814
       339   16138048       1822
       340   16138049       1899
       341   16138050       1944
       342   16138051       1885
       343   16138052       1831
       344   16138054       1818
       345   16138059       1691
       346   16138061       1809
       347   16138062       1843
       348   16138063       1839
       349   16138064       1934
       350   16138065        795
       351   16138066        969
       352   16139002       1805
       353   16139003       1818
       354   16139004       1815
       355   16139005       1798
       356   16139007       1002
       357   16139008       1818
       358   16139009       1796
       359   16139010       1818
       360   16139011       1799
       361   16139012       1812
       362   16139013        821
       363   16139021        735
       364   16139022       1823
       365   16139023       1812
       366   16139024       1723
       367   16139025       1829
       368   16139026       1520
       369   16139027       1440
       370   16139028       1821
       371   16139029       1827
       372   16139030       2010
       373   16139031       1393
       374   16139032       1269
       375   16139033       1806
       376   16139034        698
       377   16139055       1884
       378   16139056       1812
       379   16139057       1815
       380   16140001       1810
       381   16140002       1842
       382   16140003       1805
       383   16140004       1234
       384   16140008       1792
       385   16140009       1797
       386   16140010       2169
       387   16140012       1839
       388   16140013       1801
       389   16141007       1821
       390   16141008       1804
       391   16141009       2361
       392   16141014       1838
       393   16141016       1826
       394   16141017        662
       395   16141018       1265
       396   16141021       1805
       397   16141022        907
       398   16141029       1019
       399   16141032       1805
       400   16141033       1802
       401   16141034       1809
       402   16141035       1824
       403   16141038       1810
       404   16141040       1736
       405   16141049       1857
       406   16141050       1799
       407   16142001       1825
       408   16142003       1800
       409   16142004       1803
       410   16142006       1835
       411   16142007       1809
       412   16142008       1804
       413   16142010       1817
       414   16142012       1801
       415   16142013        744
       416   16142014       1843
       417   16142015        908
       418   16142022       1384
       419   16142024       1767
       420   16142025        616
       421   16142027       1803
       422   16142028       1820
       423   16142032       2206
       424   16142035       1807
       425   16142036       1799
       426   16142037       1807
       427   16142038       1796
       428   16142039       1785
       429   16142044       1780
       430   16142061       1801
       431   16142065       1808
       432   16142066       1806
       433   16142067       1804
       434   16142068       1986
       435   16142069       1173
       436   16142070       1821
       437   16142071       1805
       438   16142072       1677
       439   16142076       1808
       440   16142077       1582
       441   16142079       1696
       442   16142080       2189
       443   16143002       1871
       444   16143003       1798
       445   16143004       1815
       446   16143005       1800
       447   16143006       1799
       448   16143007        853
       449   16143009       1822
       450   16143010       1807
       451   16143011       1801
       452   16143013       1804
       453   16143014        859
       454   16143015       1851
       455   16143016       1371
       456   16143018        944
       457   16143019       2257
       458   16143020       1778
       459   16143021       1809
       460   16143022       1223
       461   16143031       1023
       462   16143032       1801
       463   16143033       1774
       464   16143034       1833
       465   16143035       1804
       466   16143036       1882
       467   16143038       1485
       468   16143039       1599
       469   16143040       2018
       470   16143041       1875
       471   16143042       1802
       472   16143043       1287
       473   16143044       1806
       474   16143045       1690
       475   16143052       1860
       476   16143053       1806
       477   16143054       1809
       478   16143055       1802
       479   16143056       1640
       480   16143057       1539
       481   16143058       1817
       482   16143059       1828
       483   16144001       1802
       484   16144002       1804
       485   16144003       1805
       486   16144004       1242
       487   16144005       1804
       488   16144007        950
       489   16144012       1907
       490   16144013       1807
       491   16144014       1806
       492   16144015       1814
       493   16144016       1891
       494   16144019       1813
       495   16144020       1691
       496   16144021       1807
       497   16144023       1803
       498   16144024       1745
       499   16144026       1392
       500   16144038        934
       501   16144039       1800
       502   16144040       1965
       503   16144042       1805
       504   16144055       1997
       505   16144056       1819
       506   16144061       1595
       507   16144065       1826
       508   16144070       1831
       509   16144071       1784
       510   16144073       1807
       511   16144075       1802
       512   16144076        783
       513   16145003       1613
       514   16145010       1823
       515   16145011       1800
       516   16145012       1801
       517   16145013       1800
       518   16145014       1808
       519   16145015        859
       520   16145016       1812
       521   16145017       1783
       522   16145018       1828
       523   16145019       1903
       524   16145020       1753
       525   16145021       1582
       526   16145022       1856
       527   16145023       2136
       528   16145035       1501
       529   16145036       1793
       530   16145039       1803
       531   16145040       1799
       532   16145041       1685
       533   16145042       1687
       534   16145043       1804
       535   16145044       1810
       536   16145045       1807
       537   16145046       1803
       538   16145048       1825
       539   16145049       1734
       540   16145050       1242
       541   16145055       1964
       542   16145056       1811
       543   16145057       1812
       544   16145058       1810
       545   16145059       1486
       546   16145060       1510
       547   16145061       1871
       548   16146003       1837
       549   16146004       1864
       550   16146005       1932
       551   16146007       1823
       552   16146008       1566
       553   16146014       1779
       554   16146015       1399
       555   16146016       1816
       556   16146051       1282
       557   16146052        682
       558   16146097       1473
       559   16146098       1812
       560   16146100       1541
       561   16146106       1414
       562   16146107       1817
       563   16146109       1813
       564   16146111       1813
       565   16146112       1496
       566   16146114       1014
       567   16146115       1971
       568   16146116       1883
       569   16146117       1262
       570   16146118       1806
       571   16146119       1369
       572   16147006       1825
       573   16147007       1821
       574   16147008       1816
       575   16147009       1812
       576   16147010       1816
       577   16147012        846
       578   16147013       1781
       579   16147014       1826
       580   16147056       1351
       581   16147057       1811
       582   16147058        668
       583   16147059       1804
       584   16147061       1505
       585   16147062        659
       586   16147063       1805
       587   16147064       1806
       588   16147065       1806
       589   16147066       1811
       590   16147067       1819
       591   16147068        951
       592   16147069       1806
       593   16147070       1714
       594   16148002       1901
       595   16148003       1250
       596   16148004       1807
       597   16148005       1817
       598   16148006       1813
       599   16148007       1669
       600   16148008       1811
       601   16148009       1800
       602   16148010       1930
       603   16148019       1961
       604   16148020       1815
       605   16148021        767
       606   16148022       1213
       607   16149044       1601
       608   16149049       1805
       609   16149050       1791
       610   16149052       1820
       611   16149053       1784
       612   16149054       1845
       613   16149055       1754
       614   16149056       1810
       615   16150004       1028
       616   16150011       1813
       617   16150012       1807
       618   16150013       1149
       619   16150014       1807
       620   16150015       1681
       621   16150018       1072
       622   16150019       2018
       623   16150020       1832
       624   16150021       1828
       625   16150022       1804
       626   16150023       1821
       627   16150024       1382
       628   16150044       1824
       629   16150045       1803
       630   16150046       1784
       631   16150048       1809
       632   16150049       1704
       633   16150052       1804
       634   16150054       1802
       635   16150055       1791
       636   16150056       1808
       637   16150057       1454
       638   16150058        874
       639   16150059       1737
       640   16150061        762
       641   16150065       1986
       642   16150066       1806
       643   16151001       1845
       644   16151002       1813
       645   16151021       1968
       646   16151022        819
       647   16151023        811
       648   16151024       1143
       649   16151025       1824
       650   16151026       1171
       651   16151027       1812
       652   16151028       1993
       653   16151029       1852
       654   16151030        890
       655   16151031       1811
       656   16151032       1831
       657   16151034       1287
       658   16151035       1158
       659   16151041       1809
       660   16151042       1787
       661   16151043       1718
       662   16151044       1783
       663   16151045       1805
       664   16151046       1459
       665   16151048       1782
       666   16151049       1801
       667   16151050       1495
       668   16151053        984
       669   16151055       1856
       670   16151056       1878
       671   16151062       1122
       672   16152007       1868
       673   16152008       1809
       674   16152009       1775
       675   16152019       1814
       676   16152021       1834
       677   16152022       2192
       678   16152024       1811
       679   16152025       1814
       680   16152028       1810
       681   16152029       1896
       682   16152030       1810
       683   16152031       1818
       684   16152032       1221
       685   16152034       1468
       686   16152035       1469
       687   16152045       1747
       688   16152046       1759
       689   16152047       1900
       690   16152049       1801
       691   16152051       1115
       692   16152052       1792
       693   16152054       1800
       694   16152057       1798
       695   16152058       2321
       696   16152059       1804
       697   16153001        857
       698   16153007       1828
       699   16153009       1824
       700   16153010       2161
       701   16153011       1894
       702   16153012        767
       703   16153013       1363
       704   16153014       1436
       705   16153015       1810
       706   16153016       1832
       707   16153019       1840
       708   16153021       1823
       709   16153022       1503
       710   16153032       1815
       711   16153033        603
       712   16153034       1772
       713   16153036       1243
       714   16153037        955
       715   16153039       2029
       716   16153040       1883
       717   16153041       1808
       718   16153042       1815
       719   16153043       1878
       720   16153044       1808
       721   16153047       1889
       722   16153048       1361
       723   16154003       1691
       724   16154004       1532
       725   16154005       1964
       726   16154006       1854
       727   16154008       1070
       728   16154009       1227
       729   16154011        896
       730   16154022       1829
       731   16155001       1808
       732   16155002       1924
       733   16155003       1595
       734   16155004       1146
       735   16155006       1170
       736   16155007       1804
       737   16155008       1802
       738   16155011        815
       739   16155012       1824
       740   16155013       1806
       741   16155014       2128
       742   16155015       1792
       743   16155016       1831
       744   16155019       1761
       745   16155028       1808
       746   16155032       1814
       747   16155034       1719
       748   16155038       1807
       749   16155041       1840
       750   16155042       1809
       751   16155047       1800
       752   16155048       1508
       753   16156005       1807
       754   16156007       1845
       755   16156008       1812
       756   16156009       1804
       757   16156011        972
       758   16156013       1800
       759   16156014       1804
       760   16156015       1809
       761   16156017       1809
       762   16156019       1809
       763   16156020       1753
       764   16156021       1821
       765   16156022       1235
       766   16156043       1545
       767   16156048       1809
       768   16156049       1842
       769   16156050       1388
       770   16156051       1837
       771   16156052       1805
       772   16156053       1852
       773   16156057       1767
       774   16157004       1826
       775   16157005       1808
       776   16157006       1816
       777   16157007       1081
       778   16157013       1590
       779   16157015        649
       780   16157016       1110
       781   16157018       1263
       782   16157019        846
       783   16157020       1860
       784   16157021       1803
       785   16157025       1817
       786   16157026       1828
       787   16157027        667
       788   16157035       1562
       789   16157036       1801
       790   16157037       1814
       791   16157038       1894
       792   16157039       2064
       793   16157040       1776
       794   16157042       1810
       795   16157043       1834
       796   16157044       1903
       797   16157045       1785
       798   16157046       1649
       799   16157059       1485
       800   16157062       1803
       801   16157063       1810
       802   16157064       1802
       803   16157065       1808
       804   16157066        745
       805   16157068       1818
       806   16157069       1002
       807   16157072        723
       808   16157073       1902
       809   16158001       1166
       810   16158002       1070
       811   16158005       1993
       812   16158006        932
       813   16158016       1657
       814   16158017       1803
       815   16158018       2013
       816   16158019       1863
       817   16158020       1760
       818   16158023       1807
       819   16158024       1857
       820   16158027        641
       821   16158030       1814
       822   16158031       1914
       823   16158033       1829
       824   16158045       1050
       825   16158046        757
       826   16158047       1679
       827   16158048       1843
       828   16158049       1806
       829   16158051       1254
       830   16158062       1807
       831   16158064       1814
       832   16158066       1809
       833   16158069       1808
       834   16158070       1853
       835   16159002       1805
       836   16159003       1811
       837   16159004       1042
       838   16159010       1538
       839   16159011       1853
       840   16159012       1802
       841   16159013       2016
       842   16159014       1799
       843   16159017       1780
       844   16159018       2207
       845   16159020       1654
       846   16159023       1848
       847   16159024        834
