<comments>
  jet_fake_limit: 8 GeV 
  n*JER 3
</comments>

 <jet_pt> 
     0.5     1.5     2.5     3.5     4.5
     5.5     6.5     7.5     8.5     9.5
    10.5    11.5    12.5    13.5    14.5
    15.5    16.5    17.5    18.5    19.5
    20.5    21.5    22.5    23.5    24.5
    25.5    26.5    27.5    28.5    29.5
    30.5    31.5    32.5    33.5    34.5
    35.5    36.5    37.5    38.5    39.5
    40.5    41.5    42.5    43.5    44.5
    45.5    46.5    47.5    48.5    49.5
    50.5
</jet_pt>

 <pt_jet_bin_upbound> 
     1.0000      2.0000      3.0000      4.0000      5.0000 
     6.0000      7.0000      8.0000      9.0000     10.0000 
    11.0000     12.0000     13.0000     14.0000     15.0000 
    16.0000     17.0000     18.0000     19.0000     20.0000 
    21.0000     22.0000     23.0000     24.0000     25.0000 
    26.0000     27.0000     28.0000     29.0000     30.0000 
    31.0000     32.0000     33.0000     34.0000     35.0000 
    36.0000     37.0000     38.0000     39.0000     40.0000 
    41.0000     42.0000     43.0000     44.0000     45.0000 
    46.0000     47.0000     48.0000     49.0000     50.0000 
    51.0000 
 </pt_jet_bin_upbound> 

 <gaus_mean__0> 
    -2.9690     -2.6776      0.4340      1.9869      4.3746 
     5.3336      6.3485      7.1825      8.0607      9.1439 
    10.1765      9.1322     10.5000      0.0000      0.0000 
     0.0000      0.0000      0.0000      0.0000      0.0000 
     0.0000      0.0000      0.0000      0.0000      0.0000 
     0.0000      0.0000      0.0000      0.0000      0.0000 
     0.0000      0.0000      0.0000      0.0000      0.0000 
     0.0000      0.0000      0.0000      0.0000      0.0000 
     0.0000      0.0000      0.0000      0.0000      0.0000 
     0.0000      0.0000      0.0000      0.0000      0.0000 
     0.0000 
</gaus_mean__0> 

 <gaus_sigma__0> 
     2.0748      2.2799      1.8864      1.7747      1.2701 
     1.3211      1.3372      1.4256      1.5950      1.4399 
     2.0436      2.8179      2.2632      0.0000      0.0000 
     0.0000      0.0000      0.0000      0.0000      0.0000 
     0.0000      0.0000      0.0000      0.0000      0.0000 
     0.0000      0.0000      0.0000      0.0000      0.0000 
     0.0000      0.0000      0.0000      0.0000      0.0000 
     0.0000      0.0000      0.0000      0.0000      0.0000 
     0.0000      0.0000      0.0000      0.0000      0.0000 
     0.0000      0.0000      0.0000      0.0000      0.0000 
     0.0000 
</gaus_sigma__0>

 <JES__0> 
    -3.4690    -4.1776    -2.0660    -1.5131    -0.1254
    -0.1664    -0.1515    -0.3175    -0.4393    -0.3561
    -0.3235    -2.3678    -2.0000     0.0000     0.0000
     0.0000     0.0000     0.0000     0.0000     0.0000
     0.0000     0.0000     0.0000     0.0000     0.0000
     0.0000     0.0000     0.0000     0.0000     0.0000
     0.0000     0.0000     0.0000     0.0000     0.0000
     0.0000     0.0000     0.0000     0.0000     0.0000
     0.0000     0.0000     0.0000     0.0000     0.0000
     0.0000     0.0000     0.0000     0.0000     0.0000
     0.0000
</JES__0>

 <JER__0> 
     2.0748     2.2799     1.8864     1.7747     1.2701
     1.3211     1.3372     1.4256     1.5950     1.4399
     2.0436     2.8179     2.2632     0.0000     0.0000
     0.0000     0.0000     0.0000     0.0000     0.0000
     0.0000     0.0000     0.0000     0.0000     0.0000
     0.0000     0.0000     0.0000     0.0000     0.0000
     0.0000     0.0000     0.0000     0.0000     0.0000
     0.0000     0.0000     0.0000     0.0000     0.0000
     0.0000     0.0000     0.0000     0.0000     0.0000
     0.0000     0.0000     0.0000     0.0000     0.0000
     0.0000
</JER__0>

 <limit_sig_plus__0> 
    14.7243     16.3397     16.1593     16.8242     16.3102 
    17.4633     18.5116     19.7769     21.2849     21.8198 
    24.6307     27.9536     27.2897     21.5000     22.5000 
    23.5000     24.5000     25.5000     26.5000     27.5000 
    28.5000     29.5000     30.5000     31.5000     32.5000 
    33.5000     34.5000     35.5000     36.5000     37.5000 
    38.5000     39.5000     40.5000     41.5000     42.5000 
    43.5000     44.5000     45.5000     46.5000     47.5000 
    48.5000     49.5000     50.5000     51.5000     52.5000 
    53.5000     54.5000     55.5000     56.5000     57.5000 
    58.5000 
 </limit_sig_plus__0> 

 <ratio_cut__0> 
     0.0000      0.0000      0.0000      0.0000      0.0001 
     0.0001      0.0003      0.0003      0.0000      0.0000 
     0.0000      0.0000      0.0000      0.0000        -nan 
       -nan        -nan        -nan        -nan        -nan 
       -nan        -nan        -nan        -nan        -nan 
       -nan        -nan        -nan        -nan        -nan 
       -nan        -nan        -nan        -nan        -nan 
       -nan        -nan        -nan        -nan        -nan 
       -nan        -nan        -nan        -nan        -nan 
       -nan        -nan        -nan        -nan        -nan 
       -nan 
</ratio_cut__0>

 <ratio_cut_bin_error__0> 
     0.0000      0.0000      0.0000      0.0000      0.0000 
     0.0000      0.0000      0.0000      0.0000      0.0000 
     0.0000      0.0000      0.0000      0.0000        -nan 
       -nan        -nan        -nan        -nan        -nan 
       -nan        -nan        -nan        -nan        -nan 
       -nan        -nan        -nan        -nan        -nan 
       -nan        -nan        -nan        -nan        -nan 
       -nan        -nan        -nan        -nan        -nan 
       -nan        -nan        -nan        -nan        -nan 
       -nan        -nan        -nan        -nan        -nan 
       -nan 
</ratio_cut_bin_error__0>

 <gaus_mean__1> 
    -3.1378     -3.1805      0.2098      2.0108      3.2743 
     5.3850      6.3556      7.3078      8.1319      9.0544 
    10.0664     10.7550     11.7946     11.7762     34.8467 
    42.2568      0.0000     15.6756      0.0000      0.0000 
     0.0000      0.0000      0.0000      0.0000      0.0000 
     0.0000      0.0000      0.0000      0.0000      0.0000 
     0.0000      0.0000      0.0000      0.0000      0.0000 
     0.0000      0.0000      0.0000      0.0000      0.0000 
     0.0000      0.0000      0.0000      0.0000      0.0000 
     0.0000      0.0000      0.0000      0.0000      0.0000 
     0.0000 
</gaus_mean__1> 

 <gaus_sigma__1> 
     2.1145      2.3844      1.9733      1.8156      1.7609 
     1.3330      1.3676      1.3661      1.5469      1.6772 
     1.6293      1.7039      1.8032      2.5349     18.4389 
     8.2867      0.0000      0.2463      0.0000      0.0000 
     0.0000      0.0000      0.0000      0.0000      0.0000 
     0.0000      0.0000      0.0000      0.0000      0.0000 
     0.0000      0.0000      0.0000      0.0000      0.0000 
     0.0000      0.0000      0.0000      0.0000      0.0000 
     0.0000      0.0000      0.0000      0.0000      0.0000 
     0.0000      0.0000      0.0000      0.0000      0.0000 
     0.0000 
</gaus_sigma__1>

 <JES__1> 
    -3.6378    -4.6805    -2.2902    -1.4892    -1.2257
    -0.1150    -0.1444    -0.1922    -0.3681    -0.4456
    -0.4336    -0.7450    -0.7054    -1.7238    20.3467
    26.7568     0.0000    -1.8244     0.0000     0.0000
     0.0000     0.0000     0.0000     0.0000     0.0000
     0.0000     0.0000     0.0000     0.0000     0.0000
     0.0000     0.0000     0.0000     0.0000     0.0000
     0.0000     0.0000     0.0000     0.0000     0.0000
     0.0000     0.0000     0.0000     0.0000     0.0000
     0.0000     0.0000     0.0000     0.0000     0.0000
     0.0000
</JES__1>

 <JER__1> 
     2.1145     2.3844     1.9733     1.8156     1.7609
     1.3330     1.3676     1.3661     1.5469     1.6772
     1.6293     1.7039     1.8032     2.5349    18.4389
     8.2867     0.0000     0.2463     0.0000     0.0000
     0.0000     0.0000     0.0000     0.0000     0.0000
     0.0000     0.0000     0.0000     0.0000     0.0000
     0.0000     0.0000     0.0000     0.0000     0.0000
     0.0000     0.0000     0.0000     0.0000     0.0000
     0.0000     0.0000     0.0000     0.0000     0.0000
     0.0000     0.0000     0.0000     0.0000     0.0000
     0.0000
</JER__1>

 <limit_sig_plus__1> 
    14.8434     16.6531     16.4198     16.9468     17.7826 
    17.4989     18.6029     19.5983     21.1408     22.5315 
    23.3878     24.6118     25.9097     29.1048     77.8167 
    48.3602     24.5000     26.2389     26.5000     27.5000 
    28.5000     29.5000     30.5000     31.5000     32.5000 
    33.5000     34.5000     35.5000     36.5000     37.5000 
    38.5000     39.5000     40.5000     41.5000     42.5000 
    43.5000     44.5000     45.5000     46.5000     47.5000 
    48.5000     49.5000     50.5000     51.5000     52.5000 
    53.5000     54.5000     55.5000     56.5000     57.5000 
    58.5000 
 </limit_sig_plus__1> 

 <ratio_cut__1> 
     0.0000      0.0000      0.0000      0.0000      0.0001 
     0.0000      0.0001      0.0003      0.0000      0.0000 
     0.0000      0.0000      0.0000      0.0000      0.0000 
     0.0000      0.0000      0.0000        -nan        -nan 
       -nan        -nan        -nan        -nan        -nan 
       -nan        -nan        -nan        -nan        -nan 
       -nan        -nan        -nan        -nan        -nan 
       -nan        -nan        -nan        -nan        -nan 
       -nan        -nan        -nan        -nan        -nan 
       -nan        -nan        -nan        -nan        -nan 
       -nan 
</ratio_cut__1>

 <ratio_cut_bin_error__1> 
     0.0000      0.0000      0.0000      0.0000      0.0000 
     0.0000      0.0000      0.0000      0.0000      0.0000 
     0.0000      0.0000      0.0000      0.0000      0.0000 
     0.0000      0.0000      0.0000        -nan        -nan 
       -nan        -nan        -nan        -nan        -nan 
       -nan        -nan        -nan        -nan        -nan 
       -nan        -nan        -nan        -nan        -nan 
       -nan        -nan        -nan        -nan        -nan 
       -nan        -nan        -nan        -nan        -nan 
       -nan        -nan        -nan        -nan        -nan 
       -nan 
</ratio_cut_bin_error__1>

 <gaus_mean__2> 
    -3.0645     -2.9918     -1.5672      0.6071      4.3807 
     5.3504      6.3202      7.3010      8.2805      9.0956 
    10.1113     10.8813     12.0729     13.0252     14.0710 
    14.0079     15.6501      0.0000      0.0000      0.0000 
     0.0000      0.0000      0.0000      0.0000      0.0000 
     0.0000      0.0000      0.0000      0.0000      0.0000 
     0.0000      0.0000      0.0000      0.0000      0.0000 
     0.0000      0.0000      0.0000      0.0000      0.0000 
     0.0000      0.0000      0.0000      0.0000      0.0000 
     0.0000      0.0000      0.0000      0.0000      0.0000 
     0.0000 
</gaus_mean__2> 

 <gaus_sigma__2> 
     2.0955      2.3474      2.4639      2.2942      1.4180 
     1.4533      1.4969      1.4661      1.5530      1.6705 
     1.6653      1.8744      1.7206      2.1204      1.7963 
     2.1241      2.8885      0.0000      0.0000      0.0000 
     0.0000      0.0000      0.0000      0.0000      0.0000 
     0.0000      0.0000      0.0000      0.0000      0.0000 
     0.0000      0.0000      0.0000      0.0000      0.0000 
     0.0000      0.0000      0.0000      0.0000      0.0000 
     0.0000      0.0000      0.0000      0.0000      0.0000 
     0.0000      0.0000      0.0000      0.0000      0.0000 
     0.0000 
</gaus_sigma__2>

 <JES__2> 
    -3.5645    -4.4918    -4.0672    -2.8929    -0.1193
    -0.1496    -0.1798    -0.1990    -0.2195    -0.4044
    -0.3887    -0.6187    -0.4271    -0.4748    -0.4290
    -1.4921    -0.8499     0.0000     0.0000     0.0000
     0.0000     0.0000     0.0000     0.0000     0.0000
     0.0000     0.0000     0.0000     0.0000     0.0000
     0.0000     0.0000     0.0000     0.0000     0.0000
     0.0000     0.0000     0.0000     0.0000     0.0000
     0.0000     0.0000     0.0000     0.0000     0.0000
     0.0000     0.0000     0.0000     0.0000     0.0000
     0.0000
</JES__2>

 <JER__2> 
     2.0955     2.3474     2.4639     2.2942     1.4180
     1.4533     1.4969     1.4661     1.5530     1.6705
     1.6653     1.8744     1.7206     2.1204     1.7963
     2.1241     2.8885     0.0000     0.0000     0.0000
     0.0000     0.0000     0.0000     0.0000     0.0000
     0.0000     0.0000     0.0000     0.0000     0.0000
     0.0000     0.0000     0.0000     0.0000     0.0000
     0.0000     0.0000     0.0000     0.0000     0.0000
     0.0000     0.0000     0.0000     0.0000     0.0000
     0.0000     0.0000     0.0000     0.0000     0.0000
     0.0000
</JER__2>

 <limit_sig_plus__2> 
    14.7864     16.5421     17.8916     18.3827     16.7540 
    17.8599     18.9908     19.8983     21.1591     22.5116 
    23.4958     25.1231     25.6617     27.8611     27.8889 
    29.8724     33.1655     25.5000     26.5000     27.5000 
    28.5000     29.5000     30.5000     31.5000     32.5000 
    33.5000     34.5000     35.5000     36.5000     37.5000 
    38.5000     39.5000     40.5000     41.5000     42.5000 
    43.5000     44.5000     45.5000     46.5000     47.5000 
    48.5000     49.5000     50.5000     51.5000     52.5000 
    53.5000     54.5000     55.5000     56.5000     57.5000 
    58.5000 
 </limit_sig_plus__2> 

 <ratio_cut__2> 
     0.0000      0.0000      0.0000      0.0000      0.0000 
     0.0001      0.0002      0.0002      0.0001      0.0001 
     0.0000      0.0011      0.0000      0.0000      0.0000 
     0.0192      0.0000      0.0000      0.0000      0.0000 
       -nan        -nan        -nan        -nan        -nan 
       -nan        -nan        -nan        -nan        -nan 
       -nan        -nan        -nan        -nan        -nan 
       -nan        -nan        -nan        -nan        -nan 
       -nan        -nan        -nan        -nan        -nan 
       -nan        -nan        -nan        -nan        -nan 
       -nan 
</ratio_cut__2>

 <ratio_cut_bin_error__2> 
     0.0000      0.0000      0.0000      0.0000      0.0000 
     0.0000      0.0000      0.0000      0.0000      0.0001 
     0.0000      0.0004      0.0000      0.0000      0.0000 
     0.0000      0.0000      0.0000      0.0000      0.0000 
       -nan        -nan        -nan        -nan        -nan 
       -nan        -nan        -nan        -nan        -nan 
       -nan        -nan        -nan        -nan        -nan 
       -nan        -nan        -nan        -nan        -nan 
       -nan        -nan        -nan        -nan        -nan 
       -nan        -nan        -nan        -nan        -nan 
       -nan 
</ratio_cut_bin_error__2>

 <gaus_mean__3> 
    -2.9472     -3.5559     -1.8764     -1.1764      4.3542 
     5.3610      6.2289      7.2882      8.3396      9.1945 
    10.0484     11.1636     12.1028     12.9497     13.8770 
    14.7952     15.8111     15.9784     17.6021     19.6298 
  -133.9551     32.1114      0.0000      0.0000      0.0000 
     0.0000      0.0000      0.0000      0.0000      0.0000 
     0.0000      0.0000      0.0000      0.0000      0.0000 
     0.0000      0.0000      0.0000      0.0000      0.0000 
     0.0000      0.0000      0.0000      0.0000      0.0000 
     0.0000      0.0000      0.0000      0.0000      0.0000 
     0.0000 
</gaus_mean__3> 

 <gaus_sigma__3> 
     2.0648      2.4537      2.5072      2.7654      1.4449 
     1.5291      1.6267      1.6058      1.5675      1.6729 
     1.7609      1.6387      1.7997      1.8939      1.9040 
     1.9438      2.1194      2.5713      2.9334      1.7195 
    35.1124     30.1817      0.0000      0.0000      0.0000 
     0.0000      0.0000      0.0000      0.0000      0.0000 
     0.0000      0.0000      0.0000      0.0000      0.0000 
     0.0000      0.0000      0.0000      0.0000      0.0000 
     0.0000      0.0000      0.0000      0.0000      0.0000 
     0.0000      0.0000      0.0000      0.0000      0.0000 
     0.0000 
</gaus_sigma__3>

 <JES__3> 
    -3.4472    -5.0559    -4.3764    -4.6764    -0.1458
    -0.1390    -0.2711    -0.2118    -0.1604    -0.3055
    -0.4516    -0.3364    -0.3972    -0.5503    -0.6230
    -0.7048    -0.6889    -1.5216    -0.8979     0.1298
  -154.4551    10.6114     0.0000     0.0000     0.0000
     0.0000     0.0000     0.0000     0.0000     0.0000
     0.0000     0.0000     0.0000     0.0000     0.0000
     0.0000     0.0000     0.0000     0.0000     0.0000
     0.0000     0.0000     0.0000     0.0000     0.0000
     0.0000     0.0000     0.0000     0.0000     0.0000
     0.0000
</JES__3>

 <JER__3> 
     2.0648     2.4537     2.5072     2.7654     1.4449
     1.5291     1.6267     1.6058     1.5675     1.6729
     1.7609     1.6387     1.7997     1.8939     1.9040
     1.9438     2.1194     2.5713     2.9334     1.7195
    35.1124    30.1817     0.0000     0.0000     0.0000
     0.0000     0.0000     0.0000     0.0000     0.0000
     0.0000     0.0000     0.0000     0.0000     0.0000
     0.0000     0.0000     0.0000     0.0000     0.0000
     0.0000     0.0000     0.0000     0.0000     0.0000
     0.0000     0.0000     0.0000     0.0000     0.0000
     0.0000
</JER__3>

 <limit_sig_plus__3> 
    14.6944     16.8612     18.0215     19.7962     16.8346 
    18.0872     19.3800     20.3175     21.2026     22.5186 
    23.7827     24.4162     25.8991     27.1818     28.2121 
    29.3315     30.8581     33.2140     35.3002     32.6584 
   133.8373    120.0452     30.5000     31.5000     32.5000 
    33.5000     34.5000     35.5000     36.5000     37.5000 
    38.5000     39.5000     40.5000     41.5000     42.5000 
    43.5000     44.5000     45.5000     46.5000     47.5000 
    48.5000     49.5000     50.5000     51.5000     52.5000 
    53.5000     54.5000     55.5000     56.5000     57.5000 
    58.5000 
 </limit_sig_plus__3> 

 <ratio_cut__3> 
     0.0000      0.0000      0.0000      0.0001      0.0002 
     0.0000      0.0003      0.0001      0.0001      0.0003 
     0.0003      0.0002      0.0008      0.0003      0.0014 
     0.0018      0.0017      0.0000      0.0000      0.0000 
     0.0000      0.0000      0.1667      0.0000      0.0000 
       -nan        -nan        -nan        -nan        -nan 
       -nan        -nan        -nan        -nan        -nan 
       -nan        -nan        -nan        -nan        -nan 
       -nan        -nan        -nan        -nan        -nan 
       -nan        -nan        -nan        -nan        -nan 
       -nan 
</ratio_cut__3>

 <ratio_cut_bin_error__3> 
     0.0000      0.0000      0.0000      0.0000      0.0000 
     0.0000      0.0000      0.0000      0.0000      0.0000 
     0.0000      0.0001      0.0000      0.0000      0.0000 
     0.0000      0.0000      0.0000      0.0000      0.0000 
     0.0000      0.0000      0.0000      0.0000      0.0000 
       -nan        -nan        -nan        -nan        -nan 
       -nan        -nan        -nan        -nan        -nan 
       -nan        -nan        -nan        -nan        -nan 
       -nan        -nan        -nan        -nan        -nan 
       -nan        -nan        -nan        -nan        -nan 
       -nan 
</ratio_cut_bin_error__3>

 <gaus_mean__4> 
    -2.9923     -5.7884     -3.6460     -3.6131      4.2468 
     5.2211      6.1076      7.1407      8.1012      9.1114 
    10.1082     11.0976     12.0821     13.0588     13.8628 
    14.8225     15.7992     16.7439     17.4917     18.4537 
    19.4092     20.4444     21.3517     22.0570     23.0279 
    23.9295     24.5806     25.6192     25.8104     24.1175 
    29.0985     31.0617     29.6648      0.0000      0.0000 
     0.0000      0.0000      0.0000     39.6808      0.0000 
     0.0000      0.0000      0.0000      0.0000      0.0000 
     0.0000      0.0000      0.0000      0.0000      0.0000 
     0.0000 
</gaus_mean__4> 

 <gaus_sigma__4> 
     2.0750      2.8720      2.8750      3.2705      1.5317 
     1.6569      1.7941      1.8049      1.8381      1.8475 
     1.8304      1.8101      1.8495      1.8875      2.0143 
     2.0740      2.1341      2.2224      2.4296      2.4858 
     2.4289      2.5603      2.5478      2.8631      2.8821 
     2.7916      2.9698      2.9305      4.0677      5.3133 
     1.6964      3.2155      5.3472      0.0000      0.0000 
     0.0000      0.0000      0.0000      0.2502      0.0000 
     0.0000      0.0000      0.0000      0.0000      0.0000 
     0.0000      0.0000      0.0000      0.0000      0.0000 
     0.0000 
</gaus_sigma__4>

 <JES__4> 
    -3.4923    -7.2884    -6.1460    -7.1131    -0.2532
    -0.2789    -0.3924    -0.3593    -0.3988    -0.3886
    -0.3918    -0.4024    -0.4179    -0.4412    -0.6372
    -0.6775    -0.7008    -0.7561    -1.0083    -1.0463
    -1.0908    -1.0556    -1.1483    -1.4430    -1.4721
    -1.5705    -1.9194    -1.8808    -2.6896    -5.3825
    -1.4015    -0.4383    -2.8352     0.0000     0.0000
     0.0000     0.0000     0.0000     1.1808     0.0000
     0.0000     0.0000     0.0000     0.0000     0.0000
     0.0000     0.0000     0.0000     0.0000     0.0000
     0.0000
</JES__4>

 <JER__4> 
     2.0750     2.8720     2.8750     3.2705     1.5317
     1.6569     1.7941     1.8049     1.8381     1.8475
     1.8304     1.8101     1.8495     1.8875     2.0143
     2.0740     2.1341     2.2224     2.4296     2.4858
     2.4289     2.5603     2.5478     2.8631     2.8821
     2.7916     2.9698     2.9305     4.0677     5.3133
     1.6964     3.2155     5.3472     0.0000     0.0000
     0.0000     0.0000     0.0000     0.2502     0.0000
     0.0000     0.0000     0.0000     0.0000     0.0000
     0.0000     0.0000     0.0000     0.0000     0.0000
     0.0000
</JER__4>

 <limit_sig_plus__4> 
    14.7249     18.1159     19.1250     21.3114     17.0952 
    18.4706     19.8823     20.9148     22.0143     23.0424 
    23.9911     24.9302     26.0485     27.1624     28.5429 
    29.7220     30.9022     32.1672     33.7888     34.9575 
    35.7867     37.1810     38.1433     40.0894     41.1463 
    41.8747     43.4094     44.2916     48.7032     53.4399 
    43.5893     49.1466     56.5415     41.5000     42.5000 
    43.5000     44.5000     45.5000     47.2505     47.5000 
    48.5000     49.5000     50.5000     51.5000     52.5000 
    53.5000     54.5000     55.5000     56.5000     57.5000 
    58.5000 
 </limit_sig_plus__4> 

 <ratio_cut__4> 
     0.0002      0.0001      0.0002      0.0002      0.0016 
     0.0012      0.0010      0.0008      0.0003      0.0005 
     0.0003      0.0003      0.0004      0.0005      0.0004 
     0.0005      0.0006      0.0003      0.0007      0.0008 
     0.0008      0.0002      0.0013      0.0000      0.0008 
     0.0000      0.0000      0.0000      0.0000      0.0000 
     0.0000      0.0000      0.0000      0.0000      0.0000 
     0.0000      0.0000      0.0000      0.0000        -nan 
       -nan        -nan        -nan        -nan        -nan 
       -nan        -nan        -nan        -nan        -nan 
       -nan 
</ratio_cut__4>

 <ratio_cut_bin_error__4> 
     0.0000      0.0000      0.0000      0.0001      0.0003 
     0.0002      0.0002      0.0002      0.0001      0.0000 
     0.0000      0.0001      0.0000      0.0000      0.0001 
     0.0000      0.0001      0.0000      0.0000      0.0000 
     0.0001      0.0000      0.0001      0.0000      0.0000 
     0.0000      0.0000      0.0000      0.0000      0.0000 
     0.0000      0.0000      0.0000      0.0000      0.0000 
     0.0000      0.0000      0.0000      0.0000        -nan 
       -nan        -nan        -nan        -nan        -nan 
       -nan        -nan        -nan        -nan        -nan 
       -nan 
</ratio_cut_bin_error__4>

 <gaus_mean__5> 
    -3.0108     -5.8694     -3.0354     -9.0741      4.1893 
     5.1673      6.1332      7.1889      7.7988      9.0318 
    10.0659     11.0110     11.9304     12.9756     13.7627 
    14.7169     15.7533     16.6281     17.3877     18.3465 
    19.3767     20.3081     21.3670     22.3699     23.0853 
    24.0809     24.9493     25.7943     26.7019     27.7626 
    28.4023     29.1178     29.9966     30.5129     31.7193 
    32.2830     33.4873     32.5342     36.0109     35.3038 
    37.7320     36.4513     44.6684      0.0000     41.5497 
     0.0000      0.0000      0.0000     38.6807      0.0000 
     0.0000 
</gaus_mean__5> 

 <gaus_sigma__5> 
     2.0746      2.8713      2.7293      4.1375      1.5338 
     1.6767      1.7116      1.7995      2.0442      2.0285 
     1.9741      2.0416      2.1081      2.0859      2.2496 
     2.3450      2.2836      2.3130      2.5032      2.6053 
     2.5676      2.6626      2.6305      2.7190      2.8573 
     2.9646      3.0483      3.2474      3.2905      3.2167 
     3.6666      3.6889      4.0323      4.2073      3.9106 
     4.2905      3.3822      7.8293      4.6465      5.1218 
     7.7070     16.7228      6.6209      0.0000     10.2693 
     0.0000      0.0000      0.0000      0.2501      0.0000 
     0.0000 
</gaus_sigma__5>

 <JES__5> 
    -3.5108    -7.3694    -5.5354   -12.5741    -0.3107
    -0.3327    -0.3668    -0.3111    -0.7012    -0.4682
    -0.4341    -0.4890    -0.5696    -0.5244    -0.7373
    -0.7831    -0.7467    -0.8719    -1.1123    -1.1535
    -1.1233    -1.1919    -1.1330    -1.1301    -1.4147
    -1.4191    -1.5507    -1.7057    -1.7981    -1.7374
    -2.0977    -2.3822    -2.5034    -2.9871    -2.7807
    -3.2170    -3.0127    -4.9658    -2.4891    -4.1962
    -2.7680    -5.0487     2.1684     0.0000    -2.9503
     0.0000     0.0000     0.0000    -9.8193     0.0000
     0.0000
</JES__5>

 <JER__5> 
     2.0746     2.8713     2.7293     4.1375     1.5338
     1.6767     1.7116     1.7995     2.0442     2.0285
     1.9741     2.0416     2.1081     2.0859     2.2496
     2.3450     2.2836     2.3130     2.5032     2.6053
     2.5676     2.6626     2.6305     2.7190     2.8573
     2.9646     3.0483     3.2474     3.2905     3.2167
     3.6666     3.6889     4.0323     4.2073     3.9106
     4.2905     3.3822     7.8293     4.6465     5.1218
     7.7070    16.7228     6.6209     0.0000    10.2693
     0.0000     0.0000     0.0000     0.2501     0.0000
     0.0000
</JER__5>

 <limit_sig_plus__5> 
    14.7237     18.1138     18.6879     23.9125     17.1013 
    18.5302     19.6349     20.8986     22.6326     23.5855 
    24.4224     25.6248     26.8242     27.7577     29.2489 
    30.5349     31.3509     32.4391     34.0095     35.3160 
    36.2027     37.4877     38.3914     39.6569     41.0720 
    42.3938     43.6448     45.2423     46.3715     47.1502 
    49.4999     50.5668     52.5970     54.1220     54.2318 
    56.3715     54.6467     68.9879     60.4395     62.8655 
    71.6209     99.6684     70.3627     51.5000     83.3079 
    53.5000     54.5000     55.5000     57.2503     57.5000 
    58.5000 
 </limit_sig_plus__5> 

 <ratio_cut__5> 
     0.0004      0.0007      0.0021      0.0016      0.0086 
     0.0111      0.0125      0.0134      0.0093      0.0089 
     0.0059      0.0034      0.0042      0.0038      0.0012 
     0.0004      0.0010      0.0006      0.0002      0.0003 
     0.0007      0.0006      0.0008      0.0008      0.0007 
     0.0005      0.0007      0.0005      0.0007      0.0003 
     0.0000      0.0009      0.0005      0.0000      0.0000 
     0.0000      0.0000      0.0000      0.0000      0.0000 
     0.0000      0.0000      0.0000      0.1250      0.0000 
     0.0000      0.0000      0.0000      0.0000        -nan 
       -nan 
</ratio_cut__5>

 <ratio_cut_bin_error__5> 
     0.0000      0.0001      0.0002      0.0003      0.0009 
     0.0008      0.0012      0.0013      0.0013      0.0010 
     0.0008      0.0009      0.0004      0.0006      0.0000 
     0.0001      0.0001      0.0000      0.0000      0.0001 
     0.0001      0.0000      0.0001      0.0001      0.0001 
     0.0001      0.0000      0.0000      0.0001      0.0000 
     0.0000      0.0003      0.0000      0.0000      0.0000 
     0.0000      0.0000      0.0000      0.0000      0.0000 
     0.0000      0.0000      0.0000      0.0000      0.0000 
     0.0000      0.0000      0.0000      0.0000        -nan 
       -nan 
</ratio_cut_bin_error__5>

 <gaus_mean__6> 
    -2.9189     -4.0705     -1.8723    -11.1750      4.2548 
     5.1069      6.1120      7.0289      7.9155      9.1369 
    10.1518     10.7025     11.4403     13.0303     13.7056 
    14.6976     15.5246     16.4846     17.3778     17.8049 
    19.3024     20.3423     21.0865     21.9990     22.8435 
    23.7919     24.5636     25.3142     26.3957     27.5242 
    28.6297     29.0774     30.1613     31.2285     31.9123 
    32.8274     33.3979     34.3397     35.2423     35.8367 
    36.5402     37.8705     37.7328     39.5556     39.5028 
    41.6975     39.8257     99.7563     44.5956     53.5199 
    47.8241 
</gaus_mean__6> 

 <gaus_sigma__6> 
     2.0477      2.5287      2.4670      4.4138      1.4159 
     1.6698      1.7830      1.7740      2.0803      1.8973 
     1.9105      2.2659      2.5868      2.1198      2.2406 
     2.4017      2.5292      2.7148      2.6431      3.0383 
     2.6599      2.7555      2.8535      2.9650      2.9967 
     3.0413      3.2303      3.4865      3.5133      3.3720 
     3.4435      3.7947      3.8701      3.7988      4.0599 
     4.0055      4.3123      4.5371      4.4802      5.1207 
     4.8774      4.5113      5.1124      4.7076      5.3919 
     4.8685      8.8017     52.6226     19.9040     17.3164 
    12.0254 
</gaus_sigma__6>

 <JES__6> 
    -3.4189    -5.5705    -4.3723   -14.6750    -0.2452
    -0.3931    -0.3880    -0.4711    -0.5845    -0.3631
    -0.3482    -0.7975    -1.0597    -0.4697    -0.7944
    -0.8024    -0.9754    -1.0154    -1.1222    -1.6951
    -1.1976    -1.1577    -1.4135    -1.5010    -1.6565
    -1.7081    -1.9364    -2.1858    -2.1043    -1.9758
    -1.8703    -2.4226    -2.3387    -2.2715    -2.5877
    -2.6726    -3.1021    -3.1603    -3.2577    -3.6633
    -3.9598    -3.6295    -4.7672    -3.9444    -4.9972
    -3.8025    -6.6743    52.2563    -3.9044     4.0199
    -2.6759
</JES__6>

 <JER__6> 
     2.0477     2.5287     2.4670     4.4138     1.4159
     1.6698     1.7830     1.7740     2.0803     1.8973
     1.9105     2.2659     2.5868     2.1198     2.2406
     2.4017     2.5292     2.7148     2.6431     3.0383
     2.6599     2.7555     2.8535     2.9650     2.9967
     3.0413     3.2303     3.4865     3.5133     3.3720
     3.4435     3.7947     3.8701     3.7988     4.0599
     4.0055     4.3123     4.5371     4.4802     5.1207
     4.8774     4.5113     5.1124     4.7076     5.3919
     4.8685     8.8017    52.6226    19.9040    17.3164
    12.0254
</JER__6>

 <limit_sig_plus__6> 
    14.6431     17.0860     17.9009     24.7414     16.7476 
    18.5095     19.8489     20.8221     22.7409     23.1918 
    24.2316     26.2977     28.2603     27.8594     29.2219 
    30.7050     32.0876     33.6444     34.4293     36.6149 
    36.4798     37.7665     39.0605     40.3950     41.4901 
    42.6239     44.1910     45.9595     47.0398     47.6160 
    48.8304     50.8841     52.1103     52.8965     54.6796 
    55.5166     57.4368     59.1112     59.9405     62.8622 
    63.1323     63.0339     65.8373     65.6227     68.6758 
    68.1056     80.9050    213.3678    116.2121    109.4491 
    94.5762 
 </limit_sig_plus__6> 

 <ratio_cut__6> 
     0.0005      0.0008      0.0031      0.0028      0.0143 
     0.0165      0.0184      0.0222      0.0210      0.0186 
     0.0143      0.0122      0.0115      0.0136      0.0102 
     0.0075      0.0065      0.0039      0.0034      0.0020 
     0.0023      0.0016      0.0012      0.0019      0.0005 
     0.0007      0.0000      0.0012      0.0009      0.0009 
     0.0003      0.0005      0.0002      0.0005      0.0002 
     0.0003      0.0006      0.0002      0.0003      0.0000 
     0.0000      0.0000      0.0000      0.0018      0.0000 
     0.0000      0.0000      0.0000      0.0000      0.0000 
     0.0000 
</ratio_cut__6>

 <ratio_cut_bin_error__6> 
     0.0000      0.0000      0.0002      0.0000      0.0004 
     0.0006      0.0010      0.0004      0.0011      0.0005 
     0.0006      0.0016      0.0016      0.0007      0.0018 
     0.0004      0.0014      0.0011      0.0007      0.0000 
     0.0003      0.0003      0.0000      0.0003      0.0000 
     0.0002      0.0000      0.0000      0.0002      0.0000 
     0.0000      0.0002      0.0000      0.0000      0.0000 
     0.0002      0.0000      0.0000      0.0000      0.0000 
     0.0000      0.0000      0.0000      0.0000      0.0000 
     0.0000      0.0000      0.0000      0.0000      0.0000 
     0.0000 
</ratio_cut_bin_error__6>

 <gaus_mean__7> 
    -2.8785     -3.8288     -2.3598     -3.8489      4.3089 
     5.0861      6.1172      6.9334      7.9792      9.0316 
     9.9538     10.8216     11.8028     12.9683     13.6480 
    14.7018     15.5541     16.5630     17.2305     18.0026 
    19.1514     19.8499     21.0934     22.2573     23.0804 
    23.9893     25.2702     25.1743     26.3291     27.3961 
    28.4644     29.2496     29.9637     30.5876     31.6251 
    32.7185     33.8129     34.3210     35.1862     35.4096 
    36.7410     37.5869     38.5902     39.0394     39.8523 
    40.7370     41.6454     42.3546     42.5179     43.6771 
    43.7028 
</gaus_mean__7> 

 <gaus_sigma__7> 
     2.0355      2.4741      2.5578      3.2598      1.4131 
     1.6651      1.7444      1.8979      1.9627      1.8085 
     1.9915      2.1970      2.2160      2.3934      2.6735 
     2.4952      2.5785      2.4446      2.8258      2.9204 
     2.8293      3.3150      3.0053      3.2152      3.1949 
     3.1567      2.8554      3.7199      3.5786      3.4250 
     3.4090      3.6934      3.7060      4.0723      4.0582 
     4.2761      3.9339      4.3923      4.2278      4.7974 
     4.4612      4.9816      4.8949      5.4402      5.4829 
     5.5425      5.5727      5.8247      6.0650      6.4179 
     6.8947 
</gaus_sigma__7>

 <JES__7> 
    -3.3785    -5.3288    -4.8598    -7.3489    -0.1911
    -0.4139    -0.3828    -0.5666    -0.5208    -0.4684
    -0.5462    -0.6784    -0.6972    -0.5317    -0.8520
    -0.7982    -0.9459    -0.9370    -1.2695    -1.4974
    -1.3486    -1.6501    -1.4066    -1.2427    -1.4196
    -1.5107    -1.2298    -2.3257    -2.1709    -2.1039
    -2.0356    -2.2504    -2.5363    -2.9124    -2.8749
    -2.7815    -2.6871    -3.1790    -3.3138    -4.0904
    -3.7590    -3.9131    -3.9098    -4.4606    -4.6477
    -4.7630    -4.8546    -5.1454    -5.9821    -5.8229
    -6.7972
</JES__7>

 <JER__7> 
     2.0355     2.4741     2.5578     3.2598     1.4131
     1.6651     1.7444     1.8979     1.9627     1.8085
     1.9915     2.1970     2.2160     2.3934     2.6735
     2.4952     2.5785     2.4446     2.8258     2.9204
     2.8293     3.3150     3.0053     3.2152     3.1949
     3.1567     2.8554     3.7199     3.5786     3.4250
     3.4090     3.6934     3.7060     4.0723     4.0582
     4.2761     3.9339     4.3923     4.2278     4.7974
     4.4612     4.9816     4.8949     5.4402     5.4829
     5.5425     5.5727     5.8247     6.0650     6.4179
     6.8947
</JER__7>

 <limit_sig_plus__7> 
    14.6066     16.9222     18.1734     21.2794     16.7393 
    18.4952     19.7332     21.1936     22.3880     22.9256 
    24.4745     26.0909     27.1479     28.6803     30.5205 
    30.9857     32.2355     32.8337     34.9774     36.2613 
    36.9879     39.4450     39.5159     41.1456     42.0847 
    42.9702     43.0661     46.6598     47.2358     47.7750 
    48.7270     50.5801     51.6180     53.7168     54.6746 
    56.3283     56.3018     58.6770     59.1835     61.8921 
    61.8835     64.4448     65.1846     67.8207     68.9488 
    70.1274     71.2180     72.9741     74.6950     76.7538 
    79.1840 
 </limit_sig_plus__7> 

 <ratio_cut__7> 
     0.0004      0.0008      0.0019      0.0037      0.0117 
     0.0138      0.0138      0.0186      0.0167      0.0219 
     0.0228      0.0266      0.0250      0.0199      0.0203 
     0.0177      0.0184      0.0199      0.0130      0.0160 
     0.0088      0.0010      0.0107      0.0052      0.0028 
     0.0067      0.0013      0.0008      0.0028      0.0007 
     0.0000      0.0010      0.0006      0.0000      0.0005 
     0.0000      0.0000      0.0008      0.0004      0.0000 
     0.0003      0.0000      0.0000      0.0000      0.0000 
     0.0000      0.0000      0.0000      0.0000      0.0000 
     0.0000 
</ratio_cut__7>

 <ratio_cut_bin_error__7> 
     0.0000      0.0000      0.0002      0.0001      0.0005 
     0.0008      0.0008      0.0000      0.0000      0.0003 
     0.0010      0.0000      0.0008      0.0009      0.0014 
     0.0005      0.0005      0.0015      0.0010      0.0015 
     0.0015      0.0000      0.0014      0.0014      0.0000 
     0.0013      0.0013      0.0000      0.0004      0.0000 
     0.0000      0.0003      0.0000      0.0000      0.0000 
     0.0000      0.0000      0.0000      0.0000      0.0000 
     0.0000      0.0000      0.0000      0.0000      0.0000 
     0.0000      0.0000      0.0000      0.0000      0.0000 
     0.0000 
</ratio_cut_bin_error__7>

 <gaus_mean__8> 
    -2.7417     -4.0318     -2.2382     -5.6009      4.2644 
     4.9813      6.0813      6.9310      7.9492      8.9075 
     9.7152     10.9721     11.6641     12.7732     13.4386 
    14.7973     15.3159     16.4725     17.2441     18.5757 
    19.1541     19.5064     20.9350     21.9908     23.0774 
    23.6802     24.5590     25.3875     26.6880     27.7829 
    28.2540     29.1228     30.3802     31.0134     31.4936 
    32.6124     33.8220     34.3701     35.1339     36.1182 
    36.8586     37.0541     38.4137     38.7923     40.1242 
    40.6242     41.4790     42.1822     42.9822     43.7994 
    44.3974 
</gaus_mean__8> 

 <gaus_sigma__8> 
     2.0047      2.5033      2.5567      3.5252      1.4831 
     1.6815      1.7721      1.8251      1.9458      1.9591 
     2.0933      2.0752      2.2678      2.3099      2.6056 
     2.2090      2.7335      2.7492      2.3547      2.5887 
     2.7166      3.5617      2.9763      3.2165      3.2636 
     3.1048      3.4392      3.4044      3.2261      3.4695 
     3.5600      3.9752      3.8047      4.0724      4.1967 
     3.8730      4.0183      4.2564      4.5598      4.7075 
     4.6170      5.0482      4.7372      5.8946      5.0180 
     5.4745      5.5010      5.6506      5.9618      6.2075 
     6.2767 
</gaus_sigma__8>

 <JES__8> 
    -3.2417    -5.5318    -4.7382    -9.1009    -0.2356
    -0.5187    -0.4187    -0.5690    -0.5508    -0.5925
    -0.7848    -0.5279    -0.8359    -0.7268    -1.0614
    -0.7027    -1.1841    -1.0275    -1.2559    -0.9243
    -1.3459    -1.9936    -1.5650    -1.5092    -1.4226
    -1.8198    -1.9410    -2.1125    -1.8120    -1.7171
    -2.2460    -2.3772    -2.1198    -2.4866    -3.0064
    -2.8876    -2.6780    -3.1299    -3.3661    -3.3818
    -3.6414    -4.4459    -4.0863    -4.7077    -4.3758
    -4.8758    -5.0210    -5.3178    -5.5178    -5.7006
    -6.1026
</JES__8>

 <JER__8> 
     2.0047     2.5033     2.5567     3.5252     1.4831
     1.6815     1.7721     1.8251     1.9458     1.9591
     2.0933     2.0752     2.2678     2.3099     2.6056
     2.2090     2.7335     2.7492     2.3547     2.5887
     2.7166     3.5617     2.9763     3.2165     3.2636
     3.1048     3.4392     3.4044     3.2261     3.4695
     3.5600     3.9752     3.8047     4.0724     4.1967
     3.8730     4.0183     4.2564     4.5598     4.7075
     4.6170     5.0482     4.7372     5.8946     5.0180
     5.4745     5.5010     5.6506     5.9618     6.2075
     6.2767
</JER__8>

 <limit_sig_plus__8> 
    14.5141     17.0099     18.1702     22.0757     16.9494 
    18.5445     19.8163     20.9752     22.3375     23.3773 
    24.7800     25.7257     27.3035     28.4296     30.3169 
    30.1270     32.7004     33.7475     33.5642     35.2660 
    36.6497     40.1851     39.4290     41.1494     42.2907 
    42.8144     44.8175     45.7132     46.1783     47.9084 
    49.1799     51.4257     51.9141     53.7171     55.0901 
    55.1191     56.5548     58.2692     60.1793     61.6225 
    62.3510     64.6447     64.7115     69.1837     67.5540 
    69.9236     71.0030     72.4517     74.3855     76.1225 
    77.3300 
 </limit_sig_plus__8> 

 <ratio_cut__8> 
     0.0003      0.0011      0.0018      0.0039      0.0072 
     0.0129      0.0140      0.0228      0.0193      0.0187 
     0.0264      0.0217      0.0170      0.0257      0.0184 
     0.0291      0.0210      0.0290      0.0213      0.0237 
     0.0191      0.0173      0.0061      0.0091      0.0053 
     0.0093      0.0047      0.0085      0.0075      0.0024 
     0.0036      0.0045      0.0053      0.0021      0.0000 
     0.0031      0.0009      0.0010      0.0000      0.0009 
     0.0000      0.0000      0.0000      0.0000      0.0000 
     0.0000      0.0000      0.0000      0.0000      0.0000 
     0.0000 
</ratio_cut__8>

 <ratio_cut_bin_error__8> 
     0.0000      0.0000      0.0001      0.0000      0.0007 
     0.0005      0.0006      0.0005      0.0000      0.0003 
     0.0016      0.0005      0.0005      0.0011      0.0006 
     0.0000      0.0006      0.0025      0.0007      0.0013 
     0.0000      0.0013      0.0007      0.0015      0.0000 
     0.0000      0.0007      0.0020      0.0006      0.0000 
     0.0000      0.0000      0.0000      0.0011      0.0000 
     0.0000      0.0000      0.0000      0.0000      0.0000 
     0.0000      0.0000      0.0000      0.0000      0.0000 
     0.0000      0.0000      0.0000      0.0000      0.0000 
     0.0000 
</ratio_cut_bin_error__8>

