 <jet_pt> 
     5.5000     6.5000     7.5000     8.5000     9.5000
    10.5000    11.5000    12.5000    13.5000    14.5000
    15.5000    16.5000    17.5000    18.5000    19.5000
    20.5000    21.5000    22.5000    23.5000    24.5000
    25.5000    26.5000    27.5000    28.5000    29.5000
    30.5000    31.5000    32.5000    33.5000    34.5000
    35.5000    36.5000
</jet_pt>

 <gaus_mean> 
     5.3497      6.3481      7.2570      8.1559      9.1240 
    10.0826     11.0052     12.0409     12.7917     13.8802 
    14.7562     15.7897     16.5563     17.4980     18.4465 
    19.3766     20.3917     21.4024     22.0263     22.9870 
    24.0340     24.9217     25.6625     26.6063     27.6154 
    28.4949     29.0388     29.9299     31.0419     32.1181 
    32.6861     33.2425 
</gaus_mean>

 <gaus_sigma> 
     1.3375      1.3700      1.4301      1.5712      1.6675 
     1.7529      1.7649      1.8095      2.0400      1.9637 
     2.0362      2.1499      2.2754      2.3658      2.4585 
     2.4807      2.5574      2.5590      2.9200      2.8810 
     2.8777      2.8996      3.2432      3.3235      3.3110 
     3.6128      3.6734      4.0165      3.8280      3.6784 
     4.2113      4.1321 
</gaus_sigma>

 <JES> 
    -0.1503    -0.1519    -0.2430    -0.3441    -0.3760
    -0.4174    -0.4948    -0.4591    -0.7083    -0.6198
    -0.7438    -0.7103    -0.9437    -1.0020    -1.0535
    -1.1234    -1.1083    -1.0976    -1.4737    -1.5130
    -1.4660    -1.5783    -1.8375    -1.8937    -1.8846
    -2.0051    -2.4612    -2.5701    -2.4581    -2.3819
    -2.8139    -3.2575
</JES>

 <JER> 
     0.2432     0.2108     0.1907     0.1848     0.1755
     0.1669     0.1535     0.1448     0.1511     0.1354
     0.1314     0.1303     0.1300     0.1279     0.1261
     0.1210     0.1189     0.1137     0.1243     0.1176
     0.1129     0.1094     0.1179     0.1166     0.1122
     0.1185     0.1166     0.1236     0.1143     0.1066
     0.1186     0.1132
</JER>

 <pt_jet+3*JER> 
     6.2296      7.1323      8.0721      9.0545     10.0266 
    11.0008     11.9604     12.9343     13.9533     14.9063 
    15.8941     16.8909     17.8901     18.8836     19.8782 
    20.8630     21.8568     22.8412     23.8728     24.8528 
    25.8386     26.8283     27.8538     28.8498     29.8367 
    30.8554     31.8498     32.8708     33.8428     34.8199 
    35.8559     36.8396 
</pt_jet+3*JER>

 <pt_jet+3*JER+6.5> 
    12.7296     13.6323     14.5721     15.5545     16.5266 
    17.5008     18.4604     19.4343     20.4533     21.4063 
    22.3941     23.3909     24.3901     25.3836     26.3782 
    27.3630     28.3568     29.3412     30.3728     31.3528 
    32.3386     33.3283     34.3538     35.3498     36.3367 
    37.3554     38.3498     39.3708     40.3428     41.3199 
    42.3559     43.3396 
</pt_jet+3*JER+6.5>

 <ratio_cut> 
     0.0005      0.0009      0.0009      0.0008      0.0013 
     0.0012      0.0016      0.0020      0.0020      0.0022 
     0.0045      0.0036      0.0042      0.0044      0.0052 
     0.0075      0.0061      0.0104      0.0060      0.0065 
     0.0067      0.0074      0.0105      0.0128      0.0051 
     0.0089      0.0117      0.0131      0.0103      0.0079 
     0.0125      0.0106 
</ratio_cut>

 <ratio_cut_bin_error> 
     0.0001      0.0003      0.0001      0.0003      0.0003 
     0.0002      0.0005      0.0008      0.0004      0.0003 
     0.0007      0.0011      0.0009      0.0007      0.0009 
     0.0010      0.0018      0.0014      0.0005      0.0011 
     0.0012      0.0015      0.0013      0.0028      0.0012 
     0.0017      0.0019      0.0020      0.0013      0.0014 
     0.0023      0.0021 
</ratio_cut_bin_error>

