
<Xsec_Pythia8>
    0.1604997783173907, 0.0279900193730690,     0.006924398431,
    0.0028726057079642, 0.0005197051748372, 0.0000140447879818,
    0.0000006505378525, 0.0000000345848665, 0.0000000016149182
</Xsec_Pythia8>

<Xsection>
<Xsec_Pythia6>
    0.107509,   0.0190967,  0.00475202,
    0.00198812, 0.000361282, 9.65463E-06,
    4.71077E-07, 2.68464E-08, 1.38211E-09
</Xsec_Pythia6>
</Xsection>

<nEvents-with-out-of-bounds>
  375688 217673 110640
  168818 517798 176345
   57644  52945  45052
</nEvents-with-out-of-bounds>

<nEvents>
    375692 217677 110643 
    168800 517313 175062 
     56985  52318  44455 
</nEvents>



<nEvents_orig> 
    375735, 217715, 110680,
    168886, 518397, 177438,
    59805,  60212,  60270
</nEvents_orig> 

<pThat>
    5 7 9 11 15 25 35 45 55 65
</pThat>
